0.000554	0.002394	0.172371	9.853881	0.005196	0.009726	-0.004930	
0.001570	-0.014364	0.153219	9.813182	0.004263	0.009326	-0.006395	
0.002564	-0.045487	0.158007	9.844305	0.004397	0.008127	-0.003864	
0.003568	-0.114914	0.110126	9.798818	0.003864	0.007594	-0.003730	
0.004567	-0.110126	0.126884	9.820364	0.004530	0.008926	-0.003597	
0.005560	-0.069427	0.093368	9.832334	0.003864	0.010792	-0.002931	
0.006558	-0.043093	0.095762	9.834729	0.002798	0.010126	-0.004930	
0.007555	-0.076609	0.107732	9.841911	0.002931	0.009726	-0.005329	
0.008558	-0.102944	0.105338	9.925702	0.003331	0.010925	-0.001998	
0.009589	-0.007182	0.100550	9.928096	0.005063	0.011191	-0.003331	
0.010589	-0.004788	0.119702	9.856275	0.004530	0.009992	-0.005196	
0.011553	-0.146037	0.102944	9.779666	0.003064	0.009326	-0.004530	
0.012564	-0.069427	0.076609	9.858669	0.002665	0.009193	-0.004263	
0.013558	0.026334	0.126884	9.772483	0.002132	0.008793	-0.004530	
0.014541	-0.035911	0.136460	9.734179	0.003064	0.010392	-0.003997	
0.015548	-0.052669	0.160401	9.801212	0.003597	0.010126	-0.003597	
0.016545	-0.040699	0.184341	9.825152	0.002398	0.009193	-0.004796	
0.017558	-0.021546	0.110126	9.746149	0.000533	0.010259	-0.005462	
0.018548	0.007182	0.141249	9.832334	-0.000266	0.011191	-0.003730	
0.019542	-0.055063	0.158007	9.762907	0.001332	0.009193	-0.003597	
0.020535	-0.074215	0.158007	9.719814	0.002132	0.008660	-0.003597	
0.021559	-0.035911	0.143643	9.777271	0.002265	0.007994	-0.004397	
0.022540	-0.040699	0.124490	9.868245	0.001865	0.008926	-0.003064	
0.023518	0.002394	0.150825	9.853881	0.000799	0.010259	-0.003864	
0.024511	-0.026334	0.172371	9.746149	0.000533	0.011058	-0.004930	
0.025530	-0.038305	0.179553	9.767695	0.001199	0.010392	-0.005729	
0.026548	-0.069427	0.148431	9.803606	0.001865	0.010126	-0.003331	
0.027546	-0.076609	0.107732	9.789242	0.002398	0.008527	-0.003331	
0.028554	-0.038305	0.131672	9.810788	0.002132	0.007861	-0.003464	
0.029551	-0.040699	0.196312	9.851487	0.001332	0.009326	-0.003730	
0.030547	-0.033517	0.141249	9.846699	0.000533	0.009326	-0.002931	
0.031537	0.011970	0.158007	9.858669	0.001066	0.009593	-0.003064	
0.032559	-0.040699	0.122096	9.786848	0.000666	0.008793	-0.003997	
0.033558	-0.055063	0.098156	9.803606	0.001599	0.008793	-0.003730	
0.034551	-0.028729	0.076609	9.820364	0.002931	0.009593	-0.003198	
0.035543	-0.038305	0.081397	9.837123	0.002931	0.009459	-0.003331	
0.036547	-0.067033	0.071821	9.808394	0.001732	0.008660	-0.004530	
0.037566	-0.095762	0.059851	9.779666	0.001865	0.009060	-0.004930	
0.038548	-0.071821	0.105338	9.947249	0.002265	0.009060	-0.005862	
0.039525	-0.050275	0.181947	9.916126	0.001599	0.009726	-0.004397	
0.040538	-0.031123	0.114914	9.832334	0.002398	0.009593	-0.004263	
0.041539	-0.107732	0.143643	9.837123	0.002265	0.009726	-0.004263	
0.042568	-0.069427	0.126884	9.885003	0.001199	0.009459	-0.003730	
0.043545	-0.047881	0.124490	9.889792	0.000933	0.009060	-0.004130	
0.044547	-0.055063	0.122096	9.839517	0.000400	0.008527	-0.003864	
0.045556	-0.057457	0.126884	9.858669	0.000133	0.008926	-0.003597	
0.046558	-0.064639	0.136460	9.868245	0.001066	0.009992	-0.003997	
0.047553	0.019152	0.155613	9.794030	0.001332	0.009593	-0.005462	
0.048557	-0.057457	0.138854	9.765301	0.001865	0.007861	-0.005729	
0.049553	-0.035911	0.143643	9.798818	0.001599	0.008260	-0.005462	
0.050542	-0.050275	0.110126	9.765301	0.001066	0.008527	-0.005196	
0.051548	-0.067033	0.095762	9.779666	0.001332	0.008793	-0.003064	
0.052552	-0.047881	0.122096	9.813182	0.001199	0.009193	-0.001998	
0.053572	0.002394	0.191523	9.693480	0.000133	0.010126	-0.004796	
0.054542	-0.026334	0.148431	9.688692	0.000400	0.009593	-0.004930	
0.055561	-0.040699	0.141249	9.734179	-0.000266	0.010126	-0.004530	
0.056543	-0.038305	0.119702	9.801212	0.000000	0.009060	-0.005462	
0.057545	-0.047881	0.083792	9.777271	-0.000400	0.009593	-0.003864	
0.058544	-0.079003	0.174765	9.810788	-0.001199	0.009326	-0.002265	
0.059553	-0.071821	0.122096	9.841911	-0.001865	0.008793	-0.004130	
0.060552	-0.007182	0.126884	9.846699	-0.000400	0.008926	-0.004663	
0.061530	-0.074215	0.122096	9.760513	0.000533	0.008660	-0.004397	
0.062522	-0.043093	0.081397	9.851487	0.001865	0.007861	-0.004663	
0.063528	0.033517	0.119702	9.880215	0.003597	0.009193	-0.006528	
0.064527	-0.026334	0.074215	9.825152	0.004796	0.009726	-0.007994	
0.065559	-0.069427	0.002394	9.987947	0.009326	0.009193	-0.008260	
0.066565	-0.033517	-0.131672	10.385358	0.022116	0.007727	-0.007594	
0.067554	-0.011970	0.079003	9.968795	0.024515	0.008394	-0.008394	
0.068555	-0.057457	0.497961	9.006390	0.007861	0.008660	-0.006662	
0.069541	-0.081397	0.268133	9.530685	-0.002798	0.006928	-0.006129	
0.070544	-0.023940	0.059851	10.090891	0.002398	0.007461	-0.004530	
0.071543	0.035911	0.062245	10.100467	0.011191	0.009326	-0.005462	
0.072535	-0.043093	0.232222	9.674328	0.009193	0.009726	-0.007328	
0.073556	0.011970	0.296861	9.535473	0.002798	0.010392	-0.007328	
0.074554	0.126884	0.040699	10.023858	0.005729	0.011191	-0.007461	
0.075554	0.174765	-0.174765	10.335083	0.022783	0.016387	-0.009193	
0.076552	0.541054	-1.060561	11.975003	0.088199	0.032908	-0.014123	
0.077557	0.385441	-2.784272	15.982631	0.219698	0.038504	-0.020518	
0.078547	-0.873826	0.588935	9.262552	0.213170	0.036639	-0.008127	
0.079531	-0.938465	4.345188	1.120412	0.006528	0.009060	0.001466	
0.080544	-0.335166	3.143378	3.406723	-0.177597	-0.011458	0.002798	
0.081548	0.548236	-1.065349	12.082735	-0.133631	-0.001998	-0.006129	
0.082549	0.658362	-3.339690	16.997705	0.065283	0.017320	-0.015188	
0.083549	-0.313620	-1.048591	12.441841	0.166139	0.025447	-0.010392	
0.084548	-0.643998	2.374891	5.374626	0.064351	0.014789	-0.002265	
0.085559	-0.155613	2.257583	5.367444	-0.079273	0.000933	-0.000533	
0.086552	0.316014	-0.172371	10.423663	-0.090198	0.002665	-0.007194	
0.087539	0.335166	-1.754833	13.610134	0.018652	0.013723	-0.012124	
0.088547	-0.112520	-0.979164	12.147374	0.100989	0.017986	-0.009593	
0.089529	-0.481203	1.213780	7.768669	0.059554	0.013456	-0.002531	
0.090543	-0.033517	1.637525	6.681774	-0.033708	0.005063	-0.001732	
0.091552	0.169977	0.179553	9.604900	-0.058888	0.004796	-0.004663	
0.092543	0.107732	-0.878614	11.917546	-0.001332	0.012257	-0.006528	
0.093548	-0.069427	-0.694272	11.548863	0.056224	0.015855	-0.004796	
0.094542	-0.229828	0.507537	9.195519	0.048096	0.013856	-0.004263	
0.095548	-0.062245	0.816369	8.431819	0.003064	0.009459	-0.005063	
0.096552	0.028729	0.483597	9.035118	-0.023049	0.008527	-0.005063	
0.097548	-0.035911	-0.129278	10.342266	-0.013989	0.008660	-0.006129	
0.098533	-0.021546	-0.296861	10.720524	0.014789	0.010126	-0.005862	
0.099556	-0.100550	0.040699	10.002312	0.025980	0.010792	-0.005063	
0.100547	-0.088580	0.368683	9.372678	0.015588	0.010259	-0.004530	
0.101556	0.023940	0.268133	9.619265	0.004663	0.008926	-0.006395	
0.102537	-0.071821	0.035911	9.964007	0.006129	0.007861	-0.004796	
0.103538	-0.098156	0.110126	9.975977	0.011591	0.008394	-0.004130	
0.104518	-0.076609	0.217858	9.715026	0.011458	0.009459	-0.005063	
0.105538	-0.040699	0.213070	9.604900	0.007727	0.009060	-0.004263	
0.106555	0.000000	0.141249	9.662357	0.004930	0.008394	-0.004930	
0.107543	-0.055063	0.098156	9.846699	0.005862	0.008394	-0.003597	
0.108546	-0.035911	-0.021546	9.999917	0.009193	0.009060	-0.003997	
0.109557	-0.081397	0.050275	9.894580	0.012524	0.009593	-0.003331	
0.110552	-0.035911	0.158007	9.707844	0.012524	0.010259	-0.003064	
0.111550	-0.047881	0.253769	9.580960	0.007994	0.009326	-0.003730	
0.112557	-0.064639	0.225040	9.691086	0.003997	0.007328	-0.002798	
0.113557	-0.028729	0.081397	9.841911	0.005462	0.007727	-0.002132	
0.114553	-0.019152	0.122096	9.952037	0.008660	0.008260	-0.001599	
0.115548	-0.055063	0.167583	9.798818	0.008394	0.009859	-0.002531	
0.116531	-0.067033	0.184341	9.734179	0.006528	0.009326	-0.003198	
0.117542	-0.057457	0.184341	9.736573	0.005596	0.007594	-0.001732	
0.118544	-0.011970	0.107732	9.810788	0.005729	0.007994	-0.001998	
0.119564	-0.023940	0.064639	9.846699	0.006129	0.008127	-0.001599	
0.120562	-0.074215	0.146037	9.815576	0.007061	0.006795	-0.003597	
0.121548	-0.055063	0.158007	9.772483	0.006928	0.007328	-0.002398	
0.122577	0.011970	0.136460	9.820364	0.007861	0.008127	-0.000400	
0.123546	-0.009576	0.126884	9.906550	0.008926	0.008260	0.000666	
0.124550	-0.026334	0.098156	9.868245	0.010126	0.007994	-0.000666	
0.125551	-0.102944	0.153219	9.877821	0.008527	0.008260	-0.001732	
0.126551	-0.083792	0.136460	9.870639	0.006928	0.007594	-0.002398	
0.127550	-0.090974	0.076609	9.758119	0.006662	0.008127	-0.000266	
0.128550	-0.076609	0.126884	9.789242	0.007594	0.008260	-0.001732	
0.129550	-0.026334	0.064639	9.868245	0.007461	0.008260	-0.001865	
0.130550	0.004788	0.107732	9.832334	0.006795	0.008260	-0.000666	
0.131547	-0.035911	0.124490	9.841911	0.005329	0.007861	-0.001998	
0.132550	-0.088580	0.162795	9.796424	0.003864	0.006928	-0.000666	
0.133550	0.019152	0.186735	9.782060	0.003464	0.006528	0.000400	
0.134551	0.007182	0.158007	9.861063	0.002665	0.007861	-0.002531	
0.135550	-0.045487	0.098156	9.791636	0.002931	0.009459	-0.003198	
0.136550	-0.033517	0.136460	9.834729	0.003597	0.008260	-0.002531	
0.137536	-0.052669	0.150825	9.820364	0.004130	0.009326	-0.001066	
0.138566	-0.045487	0.169977	9.755725	0.003864	0.008660	-0.001865	
0.139570	-0.102944	0.162795	9.796424	0.002798	0.006662	-0.003331	
0.140546	-0.086186	0.148431	9.885003	0.002931	0.006928	-0.001998	
0.141551	-0.040699	0.203494	9.885003	0.003331	0.007461	-0.001066	
0.142515	-0.064639	0.177159	9.825152	0.004397	0.006528	-0.001066	
0.143514	-0.028729	0.150825	9.777271	0.004130	0.007328	-0.002265	
0.144526	-0.002394	0.167583	9.794030	0.003464	0.007861	-0.003198	
0.145537	0.021546	0.196312	9.803606	0.003198	0.008926	-0.001599	
0.146544	-0.069427	0.138854	9.808394	0.001998	0.008527	-0.001066	
0.147533	-0.009576	0.083792	9.827546	0.002132	0.006129	-0.001332	
0.148535	-0.074215	0.119702	9.741361	0.001998	0.005995	-0.000266	
0.149556	-0.083792	0.162795	9.731785	0.002531	0.007861	-0.001599	
0.150536	-0.057457	0.215464	9.784454	0.001199	0.008926	-0.003864	
0.151531	-0.052669	0.203494	9.791636	0.000266	0.008260	-0.002665	
0.152552	-0.064639	0.119702	9.762907	0.000133	0.008926	0.000000	
0.153531	-0.047881	0.117308	9.810788	0.000400	0.008926	-0.002132	
0.154534	-0.076609	0.179553	9.782060	0.000266	0.008394	-0.004530	
0.155546	-0.035911	0.167583	9.782060	0.000266	0.008793	-0.002265	
0.156557	-0.007182	0.119702	9.803606	-0.000666	0.008793	-0.001066	
0.157547	0.007182	0.117308	9.844305	-0.000799	0.008926	-0.002798	
0.158556	-0.057457	0.141249	9.839517	-0.000533	0.008527	-0.002398	
0.159556	-0.026334	0.174765	9.820364	-0.000400	0.008660	-0.000666	
0.160551	-0.031123	0.138854	9.841911	-0.002132	0.008394	-0.001599	
0.161551	-0.052669	0.165189	9.846699	-0.003864	0.008260	-0.003597	
0.162551	-0.019152	0.148431	9.822758	-0.004930	0.010126	-0.003198	
0.163546	-0.026334	0.184341	9.772483	-0.004263	0.010792	-0.003464	
0.164550	-0.007182	0.136460	9.789242	-0.005596	0.009992	-0.003997	
0.165546	0.023940	0.069427	9.834729	-0.005063	0.008394	-0.003730	
0.166567	-0.038305	0.088580	9.827546	-0.004796	0.008394	-0.004663	
0.167550	-0.095762	0.126884	9.722208	-0.003997	0.008527	-0.003064	
0.168550	-0.093368	0.158007	9.719814	-0.004530	0.010392	-0.002132	
0.169555	-0.069427	0.158007	9.834729	-0.004397	0.009859	-0.002398	
0.170539	0.000000	0.100550	9.901762	-0.005862	0.008926	-0.005196	
0.171547	0.000000	0.124490	9.789242	-0.006262	0.007994	-0.003730	
0.172550	-0.043093	0.098156	9.743755	-0.006129	0.007594	-0.001865	
0.173559	-0.040699	0.122096	9.803606	-0.005862	0.009060	-0.002398	
0.174550	-0.064639	0.114914	9.841911	-0.005596	0.009726	-0.003597	
0.175545	-0.038305	0.184341	9.801212	-0.005862	0.009593	-0.002531	
0.176539	-0.026334	0.184341	9.806000	-0.007461	0.011058	-0.003597	
0.177534	-0.059851	0.158007	9.817970	-0.008527	0.009726	-0.005462	
0.178545	-0.028729	0.148431	9.767695	-0.008660	0.008127	-0.005329	
0.179546	-0.038305	0.169977	9.877821	-0.007461	0.007861	-0.004663	
0.180546	-0.021546	0.167583	9.877821	-0.007328	0.009060	-0.003064	
0.181550	0.007182	0.143643	9.844305	-0.008260	0.009326	-0.003464	
0.182530	-0.033517	0.107732	9.841911	-0.008660	0.007594	-0.004263	
0.183531	-0.007182	0.150825	9.810788	-0.008660	0.007994	-0.003464	
0.184534	0.004788	0.174765	9.827546	-0.007994	0.009193	-0.003597	
0.185546	0.009576	0.143643	9.791636	-0.008394	0.009726	-0.002798	
0.186527	0.002394	0.081397	9.779666	-0.008260	0.011325	-0.002665	
0.187547	0.000000	0.119702	9.784454	-0.008926	0.011058	-0.004263	
0.188558	-0.019152	0.158007	9.782060	-0.009326	0.009726	-0.005862	
0.189554	-0.050275	0.112520	9.746149	-0.010792	0.010259	-0.005596	
0.190585	0.038305	0.107732	9.832334	-0.011591	0.009726	-0.006928	
0.191565	0.026334	0.124490	9.849093	-0.011325	0.009459	-0.008260	
0.192590	0.000000	0.186735	9.758119	-0.009326	0.009459	-0.008527	
0.193587	-0.045487	0.198706	9.767695	-0.009992	0.009726	-0.006395	
0.194587	-0.043093	0.177159	9.695874	-0.012524	0.009726	-0.005862	
0.195590	-0.019152	0.150825	9.803606	-0.013456	0.010525	-0.005995	
0.196582	-0.052669	0.126884	9.817970	-0.012391	0.010126	-0.005729	
0.197552	-0.026334	0.090974	9.832334	-0.011191	0.007594	-0.007061	
0.198557	0.016758	0.134066	9.834729	-0.009593	0.008660	-0.006795	
0.199540	0.004788	0.155613	9.798818	-0.009593	0.009992	-0.006129	
0.200532	-0.028729	0.129278	9.758119	-0.009726	0.010259	-0.006395	
0.201536	-0.011970	0.150825	9.758119	-0.009326	0.010525	-0.007461	
0.202575	-0.074215	0.148431	9.765301	-0.009060	0.011724	-0.008660	
0.203552	-0.033517	0.143643	9.822758	-0.009726	0.011591	-0.008394	
0.204567	-0.033517	0.165189	9.856275	-0.009593	0.010259	-0.008260	
0.205528	-0.088580	0.107732	9.913732	-0.009859	0.010392	-0.007594	
0.206531	-0.064639	0.119702	9.825152	-0.009060	0.011058	-0.007727	
0.207541	-0.081397	0.107732	9.779666	-0.008926	0.009193	-0.009726	
0.208555	-0.026334	0.107732	9.832334	-0.009193	0.009060	-0.009193	
0.209555	-0.016758	0.141249	9.844305	-0.007594	0.010525	-0.008527	
0.210554	-0.071821	0.122096	9.820364	-0.007594	0.010658	-0.008527	
0.211549	-0.059851	0.114914	9.758119	-0.008127	0.010259	-0.008394	
0.212549	-0.031123	0.105338	9.738967	-0.008394	0.010792	-0.008660	
0.213550	-0.086186	0.138854	9.794030	-0.007727	0.011458	-0.010126	
0.214542	-0.011970	0.174765	9.758119	-0.007861	0.011858	-0.010792	
0.215549	0.002394	0.131672	9.791636	-0.008260	0.011991	-0.010392	
0.216540	-0.112520	0.141249	9.841911	-0.007727	0.012524	-0.010525	
0.217548	-0.081397	0.136460	9.810788	-0.007328	0.011724	-0.009593	
0.218565	-0.057457	0.143643	9.875427	-0.007594	0.011591	-0.009859	
0.219550	-0.021546	0.162795	9.896974	-0.006662	0.012257	-0.010658	
0.220537	0.035911	0.172371	9.784454	-0.006528	0.011724	-0.011191	
0.221539	-0.050275	0.196312	9.767695	-0.005196	0.010925	-0.010259	
0.222530	-0.045487	0.169977	9.851487	-0.004530	0.012391	-0.010126	
0.223519	-0.059851	0.167583	9.829940	-0.005462	0.013323	-0.009326	
0.224551	0.002394	0.153219	9.798818	-0.005596	0.012124	-0.011058	
0.225555	0.021546	0.150825	9.844305	-0.005729	0.010259	-0.010525	
0.226545	-0.004788	0.114914	9.930490	-0.004663	0.011724	-0.011724	
0.227548	-0.047881	0.138854	9.868245	-0.004930	0.012923	-0.011458	
0.228550	-0.019152	0.112520	9.825152	-0.004130	0.013856	-0.012257	
0.229548	-0.007182	0.119702	9.839517	-0.003864	0.013190	-0.012257	
0.230581	-0.057457	0.057457	9.935278	-0.004263	0.013856	-0.012257	
0.231538	-0.079003	0.079003	9.901762	-0.004397	0.013723	-0.011325	
0.232535	0.031123	0.100550	9.784454	-0.004130	0.012391	-0.012257	
0.233539	-0.038305	0.105338	9.753331	-0.005063	0.012391	-0.013190	
0.234538	-0.134066	0.126884	9.736573	-0.004130	0.011858	-0.012257	
0.235547	-0.057457	0.126884	9.817970	-0.003730	0.012524	-0.011991	
0.236550	-0.064639	0.136460	9.772483	-0.002798	0.011991	-0.011991	
0.237534	-0.038305	0.150825	9.808394	-0.002798	0.011591	-0.011591	
0.238536	-0.052669	0.155613	9.841911	-0.002398	0.012524	-0.011591	
0.239551	-0.011970	0.150825	9.846699	-0.003064	0.013989	-0.011191	
0.240548	-0.016758	0.102944	9.808394	-0.001732	0.013190	-0.011058	
0.241558	-0.028729	0.119702	9.865851	-0.000799	0.012257	-0.012124	
0.242557	-0.074215	0.160401	9.856275	-0.000400	0.011991	-0.012124	
0.243557	-0.052669	0.158007	9.851487	-0.001332	0.011991	-0.011724	
0.244552	-0.052669	0.210676	9.834729	0.000000	0.011325	-0.010792	
0.245552	-0.064639	0.208282	9.794030	0.000400	0.011191	-0.010525	
0.246558	-0.031123	0.167583	9.865851	0.000133	0.011991	-0.010126	
0.247557	-0.074215	0.181947	9.873033	0.000266	0.012124	-0.010658	
0.248539	-0.088580	0.146037	9.849093	0.000933	0.012790	-0.010392	
0.249548	-0.069427	0.114914	9.822758	0.000666	0.011591	-0.011191	
0.250559	-0.059851	0.165189	9.846699	0.000933	0.011458	-0.011191	
0.251558	-0.067033	0.162795	9.822758	0.001865	0.012257	-0.010792	
0.252557	-0.088580	0.141249	9.760513	0.001199	0.011991	-0.010925	
0.253587	-0.052669	0.136460	9.844305	0.001466	0.011858	-0.010392	
0.254534	-0.062245	0.129278	9.822758	0.001599	0.010925	-0.010792	
0.255542	-0.038305	0.119702	9.767695	0.001332	0.011058	-0.011325	
0.256541	0.011970	0.098156	9.837123	0.001732	0.012923	-0.010792	
0.257549	-0.050275	0.146037	9.894580	0.001599	0.011591	-0.011458	
0.258553	-0.055063	0.148431	9.873033	0.001599	0.011191	-0.010126	
0.259550	-0.028729	0.174765	9.906550	0.000799	0.010392	-0.009593	
0.260541	0.031123	0.143643	9.772483	0.001466	0.009459	-0.010792	
0.261546	-0.069427	0.124490	9.834729	0.002265	0.009459	-0.010658	
0.262544	-0.035911	0.117308	9.995129	0.002798	0.009859	-0.009060	
0.263529	-0.033517	0.167583	9.904156	0.002931	0.009459	-0.008127	
0.264521	-0.059851	0.146037	9.832334	0.001865	0.009992	-0.006662	
0.265528	-0.093368	0.150825	9.794030	0.001732	0.010126	-0.007328	
0.266513	-0.047881	0.189129	9.899368	0.001865	0.009859	-0.008660	
0.267523	-0.086186	0.162795	9.844305	0.002931	0.010126	-0.008527	
0.268523	-0.098156	0.119702	9.827546	0.004130	0.009992	-0.006795	
0.269543	-0.071821	0.172371	9.839517	0.003997	0.009060	-0.006129	
0.270542	-0.057457	0.114914	9.784454	0.004530	0.009992	-0.007594	
0.271535	-0.047881	0.119702	9.832334	0.003864	0.010259	-0.005862	
0.272530	-0.009576	0.129278	9.755725	0.003597	0.009326	-0.004796	
0.273542	-0.031123	0.098156	9.796424	0.003597	0.009726	-0.005329	
0.274545	-0.035911	0.095762	9.760513	0.003730	0.009326	-0.005729	
0.275545	-0.055063	0.107732	9.844305	0.005196	0.008527	-0.007727	
0.276544	-0.062245	0.095762	9.877821	0.005995	0.008793	-0.006262	
0.277544	-0.031123	0.148431	9.801212	0.006928	0.010259	-0.005862	
0.278544	-0.086186	0.112520	9.868245	0.006395	0.009326	-0.006795	
0.279552	-0.119702	0.095762	9.858669	0.005862	0.009859	-0.006395	
0.280544	-0.102944	0.134066	9.880215	0.006528	0.008527	-0.005329	
0.281535	-0.067033	0.112520	9.863457	0.005862	0.008394	-0.005196	
0.282540	-0.045487	0.114914	9.877821	0.004796	0.009459	-0.005462	
0.283534	-0.023940	0.143643	9.837123	0.005063	0.009326	-0.006129	
0.284545	-0.028729	0.117308	9.791636	0.005729	0.009859	-0.005729	
0.285541	-0.102944	0.083792	9.837123	0.006795	0.009459	-0.005596	
0.286544	-0.074215	0.088580	9.801212	0.007461	0.009459	-0.005329	
0.287543	0.009576	0.086186	9.777271	0.007727	0.009992	-0.004130	
0.288539	-0.016758	0.126884	9.798818	0.007061	0.009726	-0.004263	
0.289546	-0.069427	0.114914	9.844305	0.007727	0.008127	-0.005196	
0.290539	-0.088580	0.119702	9.877821	0.007194	0.007194	-0.005196	
0.291538	-0.033517	0.146037	9.846699	0.007328	0.008260	-0.004930	
0.292536	-0.014364	0.136460	9.746149	0.007727	0.008127	-0.004663	
0.293535	-0.052669	0.110126	9.837123	0.007727	0.007994	-0.005596	
0.294544	-0.079003	0.169977	9.798818	0.006795	0.007861	-0.006262	
0.295543	-0.088580	0.124490	9.731785	0.007861	0.008260	-0.004930	
0.296544	-0.088580	0.124490	9.731785	0.008260	0.009593	-0.004796	
0.297544	-0.074215	0.134066	9.803606	0.008260	0.009726	-0.004263	
0.298551	-0.009576	0.102944	9.815576	0.007861	0.008260	-0.004263	
0.299532	-0.040699	0.095762	9.894580	0.009326	0.008527	-0.004930	
0.300539	-0.095762	0.105338	9.949643	0.010259	0.010259	-0.005729	
0.301544	-0.083792	0.067033	9.849093	0.009326	0.009060	-0.004397	
0.302548	-0.081397	0.126884	9.777271	0.007861	0.008660	-0.004397	
0.303534	-0.086186	0.189129	9.770089	0.008527	0.008127	-0.005063	
0.304541	-0.086186	0.172371	9.853881	0.010525	0.007861	-0.004796	
0.305569	-0.014364	0.095762	9.949643	0.012391	0.007994	-0.005729	
0.306572	-0.002394	0.093368	9.882609	0.011458	0.008793	-0.005196	
0.307585	-0.035911	0.090974	9.887397	0.010658	0.008394	-0.004263	
0.308582	-0.009576	0.155613	9.765301	0.009726	0.007061	-0.004397	
0.309581	0.033517	0.181947	9.707844	0.008127	0.008394	-0.003730	
0.310581	-0.076609	0.136460	9.722208	0.008260	0.009193	-0.003864	
0.311544	-0.102944	0.136460	9.767695	0.009193	0.007861	-0.004663	
0.312575	-0.071821	0.117308	9.873033	0.010658	0.007994	-0.005462	
0.313583	-0.045487	0.136460	9.916126	0.009859	0.008926	-0.004663	
0.314538	-0.074215	0.131672	9.755725	0.008527	0.008660	-0.002931	
0.315547	-0.035911	0.150825	9.719814	0.008660	0.008394	-0.003597	
0.316520	-0.055063	0.076609	9.861063	0.009593	0.008793	-0.004796	
0.317515	-0.057457	0.131672	9.829940	0.009726	0.009326	-0.004263	
0.318533	-0.095762	0.181947	9.803606	0.008127	0.008926	-0.004796	
0.319548	-0.153219	0.174765	9.813182	0.007061	0.007994	-0.003464	
0.320543	-0.122096	0.071821	9.935278	0.007594	0.008926	-0.002665	
0.321554	-0.059851	0.062245	9.916126	0.007994	0.009459	-0.003064	
0.322543	-0.055063	0.167583	9.825152	0.008260	0.008660	-0.003198	
0.323549	-0.107732	0.107732	9.923308	0.009726	0.008394	-0.003597	
0.324544	-0.086186	0.050275	9.918520	0.011591	0.009859	-0.004397	
0.325548	-0.038305	0.035911	9.856275	0.009992	0.009859	-0.003464	
0.326542	-0.076609	0.160401	9.679116	0.005329	0.008127	-0.002265	
0.327547	-0.057457	0.246586	9.774877	0.004263	0.006528	-0.002398	
0.328543	-0.069427	0.119702	9.817970	0.004796	0.006129	-0.001599	
0.329548	-0.045487	0.122096	9.875427	0.006262	0.006528	-0.002132	
0.330543	-0.047881	0.181947	9.853881	0.006662	0.006795	-0.001998	
0.331548	-0.074215	0.172371	9.688692	0.004796	0.007727	-0.001066	
0.332548	-0.007182	0.141249	9.803606	0.005063	0.007461	-0.001332	
0.333548	-0.064639	0.081397	9.920914	0.005862	0.008527	-0.000133	
0.334548	-0.100550	0.119702	9.813182	0.005596	0.006528	0.001466	
0.335548	-0.050275	0.107732	9.724603	0.005329	0.005196	0.000799	
0.336544	0.002394	0.148431	9.815576	0.006662	0.005196	0.000133	
0.337530	-0.028729	0.110126	9.923308	0.006662	0.006262	0.001732	
0.338544	-0.079003	0.083792	9.741361	0.007061	0.006928	0.002132	
0.339540	-0.043093	0.081397	9.820364	0.009193	0.006795	0.002132	
0.340539	-0.062245	0.028729	9.990341	0.012391	0.006928	0.001732	
0.341543	-0.088580	0.076609	9.949643	0.015055	0.005329	0.001332	
0.342561	-0.057457	0.069427	9.944854	0.016654	0.006262	0.002931	
0.343521	-0.064639	0.079003	10.026252	0.019052	0.007594	0.003198	
0.344511	-0.129278	0.067033	9.882609	0.020917	0.007194	0.003464	
0.345526	-0.021546	0.136460	9.834729	0.017587	0.006395	0.004263	
0.346533	-0.090974	0.268133	9.609688	0.011325	0.007061	0.003997	
0.347528	-0.074215	0.220252	9.633629	0.011325	0.007061	0.004263	
0.348538	-0.021546	0.009576	10.074133	0.017720	0.007328	0.005196	
0.349541	-0.033517	-0.016758	10.019070	0.022250	0.007727	0.006262	
0.350539	0.002394	0.138854	9.815576	0.021717	0.007461	0.002798	
0.351537	-0.090974	0.213070	9.729391	0.018652	0.007328	0.004130	
0.352540	-0.093368	0.169977	9.729391	0.019718	0.007594	0.007594	
0.353543	0.043093	0.076609	9.913732	0.022916	0.008793	0.006129	
0.354542	0.031123	0.141249	9.925702	0.024515	0.007994	0.005063	
0.355550	-0.028729	0.179553	9.815576	0.022383	0.007194	0.004796	
0.356539	-0.059851	0.177159	9.784454	0.021450	0.006528	0.005329	
0.357545	-0.009576	0.143643	9.834729	0.023449	0.007994	0.005995	
0.358540	0.021546	0.033517	9.920914	0.026913	0.008660	0.005596	
0.359539	-0.040699	0.093368	9.932884	0.027046	0.009060	0.004530	
0.360545	0.004788	0.177159	9.734179	0.024781	0.009193	0.001732	
0.361534	0.023940	0.203494	9.645599	0.022649	0.009726	0.001998	
0.362539	-0.067033	0.126884	9.880215	0.024115	0.009859	0.002265	
0.363542	-0.016758	0.067033	10.016676	0.026247	0.010525	0.002665	
0.364536	-0.067033	0.076609	9.913732	0.027712	0.010392	0.002132	
0.365544	-0.059851	0.146037	9.813182	0.027446	0.008127	0.003198	
0.366544	-0.014364	0.169977	9.774877	0.027046	0.008527	0.002398	
0.367548	0.004788	0.119702	9.741361	0.026380	0.009992	0.001998	
0.368547	-0.031123	0.146037	9.741361	0.025580	0.010792	0.001199	
0.369548	-0.071821	0.129278	9.734179	0.025980	0.009326	0.001599	
0.370544	-0.062245	0.112520	9.817970	0.026513	0.008926	0.000533	
0.371544	-0.055063	0.172371	9.827546	0.025447	0.009992	-0.000799	
0.372543	-0.062245	0.169977	9.772483	0.024381	0.012124	-0.000400	
0.373548	-0.057457	0.153219	9.815576	0.024515	0.011458	0.001998	
0.374542	-0.002394	0.169977	9.803606	0.026247	0.008660	0.002665	
0.375543	-0.081397	0.167583	9.849093	0.028112	0.008527	0.003198	
0.376547	-0.086186	0.093368	9.834729	0.028911	0.010658	0.001865	
0.377549	-0.083792	0.150825	9.798818	0.028245	0.011591	0.002132	
0.378542	-0.055063	0.160401	9.762907	0.028511	0.009726	0.001199	
0.379526	-0.043093	0.162795	9.870639	0.028511	0.008660	0.001066	
0.380546	-0.011970	0.153219	9.885003	0.029577	0.010126	0.002265	
0.381531	-0.014364	0.141249	9.873033	0.029844	0.011724	0.001998	
0.382536	-0.055063	0.126884	9.825152	0.029444	0.010658	0.001332	
0.383528	-0.062245	0.129278	9.817970	0.028911	0.009060	0.000266	
0.384543	-0.081397	0.119702	9.784454	0.031709	0.009060	0.000666	
0.385548	-0.081397	0.138854	9.911338	0.033441	0.009060	0.002398	
0.386535	-0.083792	0.155613	9.911338	0.033841	0.010126	0.003597	
0.387533	-0.040699	0.153219	9.772483	0.033041	0.009326	0.004263	
0.388549	-0.095762	0.191523	9.887397	0.033041	0.009193	0.003997	
0.389581	-0.088580	0.131672	9.870639	0.033708	0.009459	0.003597	
0.390577	-0.057457	0.193917	9.858669	0.031709	0.009193	0.002931	
0.391575	-0.069427	0.244192	9.753331	0.031309	0.009060	0.004263	
0.392576	-0.100550	0.167583	9.703056	0.032508	0.010392	0.004930	
0.393582	-0.031123	0.090974	9.858669	0.034374	0.009459	0.003064	
0.394581	-0.098156	0.076609	9.844305	0.033708	0.008394	0.003730	
0.395585	-0.064639	0.160401	9.885003	0.031975	0.007061	0.005196	
0.396584	-0.067033	0.162795	9.784454	0.030243	0.007461	0.004663	
0.397602	-0.079003	0.229828	9.770089	0.029844	0.008260	0.004796	
0.398557	-0.050275	0.186735	9.875427	0.029044	0.006928	0.004530	
0.399552	-0.050275	0.169977	9.765301	0.028778	0.003064	0.003597	
0.400549	-0.114914	0.162795	9.837123	0.026513	-0.003198	0.004397	
0.401590	-0.155613	0.162795	9.880215	0.020784	-0.018253	0.004930	
0.402588	-0.193917	0.229828	10.019070	0.017453	-0.043167	0.001865	
0.403576	-0.102944	0.129278	10.440421	0.003198	-0.223162	-0.027845	
0.404589	-0.031123	0.028729	14.120065	0.215701	-0.514406	-0.123639	
0.405587	0.512325	0.617663	19.609606	0.864538	-0.518536	-0.247144	
0.406586	4.577410	-2.022966	23.049846	1.120741	-0.336675	-0.236219	
0.407557	3.150561	-8.336058	19.736490	0.991773	-0.490025	-0.159877	
0.408568	-5.015520	2.518533	13.701108	0.676415	-1.071845	-0.046231	
0.409550	-7.816550	7.409563	11.280730	0.275522	-1.532692	0.064617	
0.410552	-3.579094	0.450080	8.472518	0.176265	-1.430637	0.115645	
0.411545	-0.181947	0.359106	4.452920	0.459115	-0.836959	0.114312	
0.412543	1.450790	-0.351924	1.908052	0.686541	-0.260734	0.056090	
0.413548	4.259002	-2.992554	5.764855	0.819639	-0.078873	-0.014522	
0.414539	2.489805	0.852279	10.703766	0.898911	-0.224495	-0.055557	
0.415547	0.088580	0.354318	12.935014	0.794591	-0.431136	-0.045832	
0.416548	-0.462050	-1.472336	12.001337	0.880259	-0.551577	-0.016787	
0.417548	-1.321512	2.892004	13.483250	1.160178	-0.573827	-0.023582	
0.418547	0.531478	-1.448396	15.752803	1.358292	-0.556640	-0.038237	
0.419548	2.779484	-4.151271	16.763089	1.149119	-0.675349	-0.041835	
0.420559	-1.750045	0.141249	9.925702	0.997902	-0.708391	0.015455	
0.421547	-3.243928	4.618109	4.108178	1.071845	-0.566499	0.054625	
0.422530	-0.031123	1.177869	5.068189	1.056790	-0.339340	0.005196	
0.423541	3.828075	-3.887926	8.520399	1.046798	-0.198914	-0.025847	
0.424543	1.462760	1.912840	8.580250	1.040936	-0.127902	0.007328	
0.425547	-1.615979	1.604009	5.444054	1.026413	-0.213969	-0.019185	
0.426536	0.347136	0.114914	10.947958	1.060654	-0.431936	-0.133364	
0.427545	2.303069	0.469232	14.555781	1.046398	-0.474836	-0.135363	
0.428539	0.620057	-0.691878	10.825862	1.002565	-0.324152	-0.021850	
0.429541	-2.379679	1.402909	5.776826	0.831496	-0.163608	0.090730	
0.430555	-2.137880	1.355028	2.535292	0.663092	-0.180795	0.112980	
0.431541	-0.268133	3.047617	6.399277	0.624455	-0.360790	0.043567	
0.432534	1.623161	1.201810	13.049928	0.779403	-0.773008	-0.185724	
0.433546	3.722737	-0.950435	22.882263	0.908637	-0.972855	-0.232755	
0.434544	1.434032	-1.611191	15.060924	0.994305	-0.607668	-0.105519	
0.435550	-2.310251	-0.926495	3.064375	1.078374	-0.216501	0.015988	
0.436551	-1.900870	3.430664	3.655704	0.993905	-0.198381	0.031176	
0.437545	0.749335	0.512325	9.564202	0.825767	-0.421810	-0.005329	
0.438546	0.866644	0.627239	12.633365	0.782201	-0.660560	-0.023982	
0.439545	-0.648786	2.207308	13.116961	0.760884	-0.701995	-0.002531	
0.440552	-0.485991	1.671042	14.045850	0.450322	-0.530793	0.053959	
0.441557	0.636815	5.262106	20.603134	0.301103	-0.548247	0.010525	
0.442556	2.520927	-1.424456	15.810260	0.726377	-0.657496	-0.171602	
0.443550	4.570228	-8.640101	2.494593	1.078240	-0.763415	-0.255804	
0.444545	-0.397411	-0.344742	7.112702	1.074510	-0.843221	-0.189988	
0.445544	-3.296597	4.821603	10.435633	0.929288	-0.520401	0.021983	
0.446547	-2.475440	4.184787	5.365050	0.688939	-0.024781	0.137628	
0.447551	0.931283	2.293493	9.925702	0.396496	0.211305	0.084335	
0.448536	3.840045	4.098602	18.194727	0.228092	0.239949	-0.035306	
0.449549	2.757937	3.586276	17.747041	0.151617	0.280985	-0.116844	
0.450544	2.669358	1.989450	17.416663	-0.021717	0.354928	-0.231156	
0.451552	4.543894	4.912576	20.200935	-0.061819	0.413550	-0.243547	
0.452551	2.341374	0.620057	13.375518	-0.053692	0.538654	-0.241015	
0.453557	1.738075	1.893688	11.797844	-0.028778	0.546914	-0.219565	
0.454534	-1.539370	2.748361	11.441131	-0.043433	0.385971	-0.225960	
0.455538	0.802004	-1.170687	12.705186	-0.028778	-0.038104	-0.315891	
0.456535	1.879324	-0.459656	14.881371	0.056890	-0.387436	-0.378510	
0.457542	0.840309	-1.034227	12.525633	0.125237	-0.464311	-0.353329	
0.458545	2.449106	-1.144353	12.209619	0.170136	-0.357193	-0.338674	
0.459549	-0.287285	-2.018178	11.070055	0.261400	-0.216368	-0.408887	
0.460551	-3.717949	-3.670068	9.324797	0.364254	-0.107384	-0.478433	
0.461547	-2.101970	-2.726815	9.300857	0.435266	-0.077674	-0.453652	
0.462518	0.459656	-1.860171	10.205805	0.472038	-0.111515	-0.410752	
0.463509	0.426140	-2.216884	10.787558	0.518136	-0.187323	-0.375579	
0.464526	0.347136	-2.171397	10.969505	0.573028	-0.259002	-0.358925	
0.465522	0.514719	-2.099576	10.981475	0.621790	-0.306299	-0.342538	
0.466534	0.529083	-1.867354	10.777981	0.659095	-0.328815	-0.324685	
0.467545	0.615269	-1.460366	10.596034	0.682410	-0.341205	-0.310695	
0.468560	0.641604	-0.969587	10.301567	0.694268	-0.351597	-0.300170	
0.469554	0.672726	-0.529083	10.026252	0.696799	-0.358259	-0.294308	
0.470552	0.567388	-0.110126	9.999917	0.691737	-0.360923	-0.292043	
0.471538	0.526689	0.268133	9.968795	0.681078	-0.356926	-0.287913	
0.472557	0.452474	0.598511	9.777271	0.667222	-0.350665	-0.287380	
0.473549	0.560206	0.782852	9.612083	0.649769	-0.347201	-0.292975	
0.474557	0.653574	0.931283	9.640811	0.627652	-0.350798	-0.292842	
0.475556	0.768488	0.988740	9.592930	0.599407	-0.358259	-0.282583	
0.476555	0.861855	1.070137	9.427741	0.568764	-0.364254	-0.268861	
0.477557	0.768488	0.948041	9.363102	0.538121	-0.364387	-0.256470	
0.478548	0.622451	0.878614	9.214671	0.509343	-0.355328	-0.245279	
0.479543	0.529083	0.802004	9.011178	0.482697	-0.342271	-0.239816	
0.480527	0.469232	0.605693	8.881899	0.458182	-0.327882	-0.238217	
0.481527	0.485991	0.438110	8.841201	0.435933	-0.316557	-0.237951	
0.482537	0.390229	0.330378	8.944145	0.416481	-0.308697	-0.232888	
0.483518	0.409381	0.148431	8.929780	0.401559	-0.299770	-0.224228	
0.484526	0.457262	0.035911	8.891476	0.390234	-0.291643	-0.213436	
0.485526	0.423746	-0.102944	8.879505	0.380908	-0.282317	-0.206508	
0.486525	0.363895	-0.256163	8.915416	0.374247	-0.270326	-0.206508	
0.487521	0.385441	-0.327984	8.927386	0.370783	-0.253806	-0.210505	
0.488511	0.464444	-0.337560	8.915416	0.368251	-0.235553	-0.213303	
0.489518	0.672726	-0.371077	8.987237	0.367851	-0.220764	-0.210639	
0.490523	0.689484	-0.399805	9.094969	0.366919	-0.210639	-0.203044	
0.491522	0.782852	-0.404593	9.226642	0.365187	-0.203977	-0.193585	
0.492516	0.861855	-0.404593	9.303251	0.362789	-0.200380	-0.185191	
0.493518	0.816369	-0.416563	9.427741	0.358925	-0.201046	-0.175199	
0.494579	0.761306	-0.330378	9.525897	0.354928	-0.208240	-0.160544	
0.495570	0.699061	-0.378259	9.705450	0.348400	-0.221297	-0.146954	
0.496570	0.514719	-0.368683	9.815576	0.337342	-0.236485	-0.145489	
0.497518	0.543448	-0.270527	9.794030	0.325217	-0.244346	-0.148953	
0.498571	0.663150	-0.172371	9.703056	0.310162	-0.246877	-0.153349	
0.499570	0.797216	-0.023940	9.789242	0.294041	-0.249009	-0.152683	
0.500572	0.974375	0.045487	9.887397	0.277121	-0.251940	-0.141625	
0.501583	0.948041	0.043093	10.090891	0.258735	-0.257136	-0.126170	
0.502584	0.830733	0.011970	10.239322	0.239816	-0.266063	-0.115645	
0.503540	0.919312	0.050275	10.459574	0.221697	-0.273524	-0.108583	
0.504528	0.919312	0.129278	10.493090	0.204910	-0.279386	-0.101655	
0.505532	0.835521	0.093368	10.596034	0.187723	-0.284848	-0.097525	
0.506551	0.821157	0.076609	10.605610	0.169737	-0.288179	-0.098724	
0.507552	0.806792	0.081397	10.706160	0.153749	-0.288046	-0.103920	
0.508552	0.904948	0.124490	10.730101	0.138427	-0.284848	-0.107118	
0.509552	0.960011	0.105338	10.845015	0.122573	-0.282583	-0.108184	
0.510551	1.015074	0.033517	10.974293	0.108717	-0.281784	-0.110982	
0.511552	1.163505	0.033517	11.117936	0.097126	-0.280452	-0.111781	
0.512552	1.240114	-0.019152	11.182575	0.088732	-0.281384	-0.106718	
0.513541	1.177869	-0.117308	11.275942	0.080605	-0.287646	-0.102322	
0.514540	1.060561	-0.337560	11.316641	0.073011	-0.294574	-0.101522	
0.515517	0.976770	-0.409381	11.225667	0.065683	-0.295507	-0.103654	
0.516549	0.907342	-0.464444	11.091601	0.060354	-0.290178	-0.110315	
0.517557	0.936071	-0.485991	10.981475	0.057023	-0.283250	-0.117510	
0.518546	0.957617	-0.485991	10.916836	0.054492	-0.280718	-0.119908	
0.519536	1.000710	-0.490779	10.919230	0.053559	-0.284715	-0.112447	
0.520536	1.022256	-0.553024	10.849803	0.049828	-0.294175	-0.108717	
0.521530	0.967193	-0.586541	10.768405	0.042900	-0.308297	-0.119242	
0.522537	0.854673	-0.545842	10.701372	0.037571	-0.316291	-0.131233	
0.523518	0.907342	-0.452474	10.572094	0.033441	-0.315758	-0.139493	
0.524510	0.876220	-0.433322	10.385358	0.028645	-0.310029	-0.145888	
0.525509	0.890584	-0.356712	10.296779	0.021717	-0.302968	-0.151351	
0.526521	0.864250	-0.399805	10.179471	0.012923	-0.301769	-0.154815	
0.527535	0.828339	-0.361500	10.155530	0.005596	-0.304700	-0.156946	
0.528535	0.861855	-0.306437	10.090891	0.000799	-0.308297	-0.158678	
0.529509	0.869038	-0.289679	9.968795	-0.003331	-0.312294	-0.158412	
0.530517	0.869038	-0.280103	9.861063	-0.005995	-0.316824	-0.160410	
0.531523	0.861855	-0.272921	9.707844	-0.008793	-0.315358	-0.163075	
0.532509	0.813975	-0.268133	9.592930	-0.011591	-0.309896	-0.169870	
0.533510	0.813975	-0.225040	9.554625	-0.012124	-0.302568	-0.177997	
0.534520	0.811581	-0.217858	9.478016	-0.011724	-0.296040	-0.185858	
0.535514	0.866644	-0.241798	9.444500	-0.010126	-0.295640	-0.191054	
0.536511	0.950435	-0.227434	9.437317	-0.007594	-0.300969	-0.192119	
0.537538	0.993528	-0.196312	9.415771	-0.002398	-0.306565	-0.191054	
0.538532	0.902554	-0.203494	9.296069	0.005995	-0.309763	-0.194784	
0.539523	0.869038	-0.268133	9.181155	0.016521	-0.305100	-0.206242	
0.540532	0.754124	-0.335166	9.102151	0.027845	-0.298438	-0.218233	
0.541524	0.727789	-0.335166	9.104545	0.040636	-0.293109	-0.231956	
0.542524	0.787640	-0.320802	9.080605	0.054492	-0.288712	-0.241948	
0.543510	0.773276	-0.251375	9.171579	0.069280	-0.288312	-0.248077	
0.544520	0.809187	-0.244192	9.140456	0.083536	-0.289911	-0.252873	
0.545516	0.730183	-0.308832	9.128486	0.097525	-0.288312	-0.258202	
0.546533	0.653574	-0.296861	9.025542	0.111515	-0.275922	-0.260201	
0.547533	0.723001	-0.323196	8.869929	0.122972	-0.266196	-0.257270	
0.548531	0.754124	-0.344742	8.855565	0.132032	-0.266995	-0.268061	
0.549516	0.790034	-0.311226	8.841201	0.142957	-0.270726	-0.282717	
0.550525	0.696667	-0.198706	8.855565	0.149752	-0.271658	-0.294441	
0.551510	0.739759	-0.232222	8.778956	0.154015	-0.266596	-0.298571	
0.552507	0.773276	-0.277709	8.649677	0.152816	-0.260334	-0.297505	
0.553506	0.833127	-0.351924	8.580250	0.146421	-0.254472	-0.293642	
0.554524	0.780458	-0.368683	8.549127	0.140159	-0.247810	-0.292043	
0.555532	0.734971	-0.421352	8.467730	0.130567	-0.240216	-0.291776	
0.556519	0.751729	-0.502749	8.450972	0.117776	-0.234753	-0.286980	
0.557517	0.651180	-0.526689	8.403091	0.101389	-0.230490	-0.284715	
0.558533	0.648786	-0.560206	8.431819	0.082603	-0.226626	-0.285914	
0.559518	0.653574	-0.646392	8.333664	0.063285	-0.221963	-0.284982	
0.560510	0.553024	-0.684696	8.252266	0.043567	-0.216900	-0.281784	
0.561522	0.603299	-0.701455	8.233114	0.021450	-0.210372	-0.277387	
0.562521	0.643998	-0.742153	8.223538	-0.001599	-0.208240	-0.269527	
0.563523	0.651180	-0.837915	8.139746	-0.025580	-0.211571	-0.259801	
0.564522	0.541054	-0.940859	8.185233	-0.050894	-0.216634	-0.248476	
0.565520	0.481203	-1.003104	8.192415	-0.074876	-0.213703	-0.236352	
0.566523	0.478809	-1.089290	8.175657	-0.096326	-0.202511	-0.229957	
0.567525	0.462050	-1.146747	8.008074	-0.116711	-0.189188	-0.226093	
0.568529	0.442898	-1.146747	7.981739	-0.136296	-0.179729	-0.218499	
0.569532	0.416563	-1.151535	8.072713	-0.156280	-0.176398	-0.209706	
0.570536	0.430928	-1.170687	8.075107	-0.175066	-0.175599	-0.201579	
0.571543	0.474021	-1.213780	8.096653	-0.193052	-0.176398	-0.191453	
0.572540	0.411775	-1.273631	8.048772	-0.209306	-0.175466	-0.181727	
0.573566	0.330378	-1.295177	7.974557	-0.227692	-0.171202	-0.173334	
0.574551	0.306437	-1.390939	7.862037	-0.245012	-0.164008	-0.166273	
0.575550	0.325590	-1.436426	7.802186	-0.262199	-0.152816	-0.161476	
0.576547	0.359106	-1.426850	7.816550	-0.279519	-0.140026	-0.156813	
0.577546	0.375865	-1.400515	7.790216	-0.296839	-0.129234	-0.153616	
0.578541	0.349530	-1.441214	7.737547	-0.313360	-0.125237	-0.145622	
0.579555	0.193917	-1.460366	7.716000	-0.332678	-0.116178	-0.130833	
0.580524	0.090974	-1.515429	7.692060	-0.354795	-0.099657	-0.109783	
0.581542	0.138854	-1.582462	7.538841	-0.375312	-0.085401	-0.105119	
0.582555	0.038305	-1.668648	7.488566	-0.392100	-0.082603	-0.121773	
0.583520	0.069427	-1.623161	7.517295	-0.407421	-0.082204	-0.135496	
0.584524	0.050275	-1.474730	7.512507	-0.421677	-0.077940	-0.137628	
0.585534	0.079003	-1.424456	7.546023	-0.442061	-0.069280	-0.135230	
0.586533	0.179553	-1.448396	7.450262	-0.463645	-0.058222	-0.128168	
0.587547	0.129278	-1.513035	7.438292	-0.484029	-0.045565	-0.119908	
0.588560	0.043093	-1.510641	7.445474	-0.502415	-0.031576	-0.111648	
0.589550	-0.045487	-1.525005	7.368864	-0.519335	-0.021317	-0.103787	
0.590543	-0.119702	-1.515429	7.428715	-0.536655	-0.011058	-0.101655	
0.591525	-0.071821	-1.467548	7.440686	-0.554775	-0.001599	-0.102855	
0.592519	-0.225040	-1.484307	7.502931	-0.568231	0.027712	-0.100456	
0.593514	0.011970	-1.254479	7.495749	-0.581155	0.071145	-0.122573	
0.594520	0.220252	-1.156323	7.610663	-0.595410	0.110582	-0.164141	
0.595543	0.050275	-0.840309	7.708818	-0.608067	0.123372	-0.204776	
0.596536	0.043093	-0.574570	7.823732	-0.620458	0.128302	-0.231289	
0.597530	0.086186	-0.411775	7.974557	-0.631649	0.129634	-0.236352	
0.598525	0.074215	-0.306437	8.082289	-0.640043	0.134963	-0.224095	
0.599526	0.246586	-0.222646	8.096653	-0.647237	0.155481	-0.201845	
0.600542	0.280103	-0.126884	8.130170	-0.651234	0.172801	-0.185058	
0.601541	0.330378	-0.148431	8.185233	-0.652700	0.181727	-0.180928	
0.602547	0.275315	-0.083792	8.319299	-0.650835	0.180795	-0.176398	
0.603546	0.426140	-0.004788	8.367180	-0.647770	0.183459	-0.172801	
0.604544	0.579358	-0.004788	8.393515	-0.642441	0.181594	-0.168937	
0.605547	0.517113	0.028729	8.355210	-0.631649	0.174400	-0.156813	
0.606554	0.541054	0.071821	8.386333	-0.617793	0.174133	-0.141358	
0.607548	0.660756	0.100550	8.374362	-0.602738	0.181461	-0.129101	
0.608543	0.737365	0.148431	8.460548	-0.584885	0.192786	-0.126436	
0.609545	0.703849	0.246586	8.398303	-0.563435	0.205443	-0.128302	
0.610531	0.694272	0.359106	8.498853	-0.539720	0.214369	-0.132299	
0.611539	0.701455	0.519507	8.625737	-0.514539	0.214902	-0.136695	
0.612540	0.636815	0.641604	8.721499	-0.489358	0.211438	-0.137495	
0.613552	0.586541	0.804398	8.697558	-0.464844	0.209573	-0.139227	
0.614546	0.567388	0.974375	8.668830	-0.439263	0.214502	-0.152816	
0.615548	0.636815	1.041409	8.549127	-0.410752	0.226360	-0.171335	
0.616546	0.421352	1.094078	8.472518	-0.381841	0.231822	-0.175599	
0.617548	0.313620	1.110836	8.541945	-0.354795	0.233155	-0.171868	
0.618547	0.308832	1.134776	8.379150	-0.330946	0.233954	-0.166273	
0.619552	0.373471	1.134776	8.316905	-0.306565	0.238617	-0.160810	
0.620542	0.368683	1.201810	8.328875	-0.281251	0.246877	-0.155081	
0.621571	0.284891	1.211386	8.321693	-0.259002	0.250874	-0.150285	
0.622518	0.318408	1.247296	8.254660	-0.238351	0.253006	-0.147087	
0.623541	0.380653	1.283207	8.213961	-0.221164	0.251407	-0.141891	
0.624552	0.316014	1.278419	8.218750	-0.204377	0.248210	-0.130966	
0.625544	0.390229	1.268843	8.242690	-0.188789	0.254738	-0.125237	
0.626542	0.555418	1.307147	8.221144	-0.175066	0.264864	-0.132032	
0.627536	0.548236	1.378969	8.259448	-0.162809	0.269793	-0.141358	
0.628543	0.495567	1.412485	8.278601	-0.151217	0.271259	-0.142424	
0.629546	0.553024	1.493883	8.225932	-0.140692	0.276322	-0.139227	
0.630546	0.667938	1.457972	8.233114	-0.130966	0.292975	-0.136962	
0.631536	0.646392	1.481913	8.333664	-0.119508	0.308031	-0.139893	
0.632547	0.663150	1.460366	8.319299	-0.108051	0.310962	-0.144822	
0.633552	0.687090	1.400515	8.259448	-0.095926	0.303501	-0.145222	
0.634546	0.655968	1.355028	8.307329	-0.083536	0.298704	-0.139893	
0.635546	0.538660	1.376575	8.319299	-0.071545	0.298172	-0.136029	
0.636526	0.493173	1.366999	8.328875	-0.059954	0.300703	-0.133364	
0.637518	0.414169	1.357422	8.321693	-0.047564	0.298571	-0.131100	
0.638563	0.335166	1.386151	8.197203	-0.035440	0.296440	-0.128435	
0.639546	0.416563	1.481913	8.326481	-0.021184	0.308963	-0.123505	
0.640546	0.533872	1.536976	8.405485	-0.005729	0.331879	-0.115378	
0.641551	0.517113	1.587250	8.474912	0.007994	0.336276	-0.108983	
0.642553	0.507537	1.635131	8.470124	0.020384	0.326949	-0.107118	
0.643548	0.548236	1.654284	8.525187	0.031309	0.310962	-0.104453	
0.644553	0.567388	1.745257	8.597008	0.041568	0.300303	-0.106052	
0.645549	0.553024	1.857777	8.695164	0.054625	0.304300	-0.097925	
0.646583	0.588935	1.972691	8.652071	0.069547	0.312827	-0.073011	
0.647546	0.854673	1.984662	8.630525	0.081538	0.324818	-0.034507	
0.648534	0.679908	2.003814	8.783744	0.088332	0.338274	-0.020784	
0.649550	0.711031	1.785956	8.987237	0.093795	0.339074	-0.028778	
0.650545	0.940859	1.802714	8.872323	0.100190	0.334144	-0.029311	
0.651545	0.627239	1.905658	9.068635	0.099790	0.324018	-0.024648	
0.652544	0.696667	2.075635	9.293675	0.092196	0.322420	-0.025181	
0.653550	0.804398	2.176185	9.233824	0.084202	0.331879	-0.029311	
0.654563	0.960011	2.152245	9.140456	0.079006	0.346401	-0.034374	
0.655548	0.967193	2.073241	9.250582	0.075276	0.353329	-0.031975	
0.656569	0.971981	2.039725	9.367890	0.071812	0.356260	-0.021450	
0.657545	1.017468	1.967903	9.533079	0.066216	0.357726	-0.007594	
0.658540	1.036621	1.843413	9.662357	0.058489	0.356127	0.011058	
0.659539	0.979164	1.620767	9.726997	0.048629	0.356260	0.030510	
0.660544	0.871432	1.529793	9.755725	0.038504	0.357992	0.044233	
0.661540	0.780458	1.419667	9.750937	0.026913	0.359325	0.051560	
0.662517	0.682302	1.240114	9.810788	0.012923	0.356926	0.051028	
0.663526	0.550630	1.132382	9.906550	-0.004930	0.349865	0.039836	
0.664516	0.471626	1.055773	9.935278	-0.024248	0.342538	0.038904	
0.665520	0.438110	0.955223	9.911338	-0.042900	0.349332	0.051161	
0.666535	0.416563	0.916918	9.932884	-0.062219	0.362922	0.071412	
0.667553	0.495567	0.794822	9.968795	-0.083936	0.371848	0.093662	
0.668550	0.485991	0.639209	10.050192	-0.107251	0.370116	0.113113	
0.669550	0.464444	0.533872	10.100467	-0.131766	0.361856	0.122839	
0.670551	0.347136	0.454868	10.246504	-0.157213	0.354928	0.116711	
0.671542	0.246586	0.371077	10.313537	-0.180795	0.346801	0.104320	
0.672551	0.213070	0.433322	10.311143	-0.200646	0.342404	0.101922	
0.673550	0.153219	0.409381	10.387752	-0.224095	0.344270	0.100190	
0.674550	0.150825	0.442898	10.349448	-0.251807	0.350265	0.094461	
0.675550	0.210676	0.474021	10.375782	-0.279119	0.356926	0.093528	
0.676566	0.246586	0.572176	10.418875	-0.306965	0.359191	0.100057	
0.677549	0.272921	0.663150	10.454786	-0.334810	0.360790	0.115245	
0.678540	0.244192	0.670332	10.586458	-0.366253	0.366386	0.127502	
0.679542	0.308832	0.715819	10.679826	-0.400626	0.372914	0.127502	
0.680547	0.320802	0.778064	10.799528	-0.432202	0.375979	0.122040	
0.681537	0.256163	0.842703	10.828256	-0.461247	0.377977	0.119508	
0.682546	0.720607	0.950435	10.730101	-0.491357	0.384106	0.124038	
0.683550	0.155613	1.165899	10.919230	-0.524931	0.371449	0.116311	
0.684540	0.196312	1.065349	11.024568	-0.557972	0.348933	0.105386	
0.685545	0.416563	1.019862	10.924018	-0.585818	0.338940	0.114845	
0.686544	0.397411	1.062955	10.919230	-0.611265	0.346135	0.135496	
0.687567	0.514719	1.091684	10.842621	-0.632449	0.358792	0.145622	
0.688544	0.481203	1.101260	10.722918	-0.652433	0.366253	0.148819	
0.689567	0.418958	1.072531	10.641521	-0.668688	0.371049	0.148953	
0.690546	0.564994	1.098866	10.555335	-0.681078	0.373714	0.152417	
0.691551	0.536266	1.165899	10.495484	-0.691470	0.378510	0.156946	
0.692550	0.500355	1.223356	10.509849	-0.699331	0.383440	0.161210	
0.693554	0.627239	1.189839	10.370994	-0.705593	0.385305	0.165473	
0.694553	0.612875	1.244902	10.423663	-0.708124	0.384106	0.175466	
0.695547	0.689484	1.220962	10.430845	-0.707858	0.384905	0.199181	
0.696548	0.744547	1.225750	10.287203	-0.708257	0.386637	0.226626	
0.697543	0.806792	1.252084	10.208199	-0.706659	0.385038	0.248210	
0.698509	0.799610	1.242508	10.215381	-0.702129	0.377977	0.260067	
0.699507	0.780458	1.266449	10.251292	-0.697865	0.370649	0.257003	
0.700507	0.723001	1.359816	10.212987	-0.690538	0.362123	0.244346	
0.701505	0.629633	1.469942	10.236928	-0.682144	0.355594	0.242481	
0.702506	0.660756	1.486701	10.172289	-0.675749	0.352397	0.253672	
0.703529	0.723001	1.568098	9.987947	-0.672018	0.348933	0.267262	
0.704528	0.773276	1.618373	9.983159	-0.668288	0.350531	0.288579	
0.705516	0.672726	1.577674	9.892186	-0.662159	0.354795	0.319489	
0.706524	0.816369	1.532187	9.786848	-0.658029	0.349998	0.334943	
0.707516	0.409381	1.611191	9.786848	-0.655897	0.355461	0.306299	
0.708513	0.404593	1.596827	9.717420	-0.648836	0.351198	0.267129	
0.709513	0.476415	1.685406	9.616871	-0.633914	0.340406	0.251008	
0.710513	0.471626	1.867354	9.602506	-0.618593	0.330946	0.253539	
0.711539	0.311226	1.941569	9.535473	-0.609666	0.330813	0.255671	
0.712533	0.325590	1.996632	9.499562	-0.605536	0.340406	0.259534	
0.713542	0.284891	2.018178	9.360708	-0.600340	0.355328	0.274190	
0.714543	0.239404	2.001420	9.336768	-0.593812	0.367585	0.296440	
0.715530	0.282497	1.860171	9.200307	-0.593945	0.371582	0.309096	
0.716526	0.332772	1.860171	9.059059	-0.598208	0.378110	0.303634	
0.717518	0.301649	1.917628	8.999208	-0.603005	0.387703	0.283649	
0.718516	0.158007	1.879324	9.011178	-0.608067	0.396896	0.270193	
0.719550	0.146037	1.872142	8.953721	-0.615129	0.407021	0.279786	
0.720537	0.308832	1.886506	8.889082	-0.625121	0.420211	0.305899	
0.721523	0.270527	1.769198	8.838807	-0.637778	0.436865	0.325351	
0.722540	0.100550	1.630343	8.879505	-0.649769	0.450855	0.328548	
0.723537	0.076609	1.606403	8.841201	-0.660294	0.458982	0.335077	
0.724542	0.148431	1.517823	8.781350	-0.671352	0.465510	0.351864	
0.725537	0.081397	1.496277	8.788532	-0.682677	0.472704	0.373181	
0.726537	0.102944	1.419667	8.841201	-0.696266	0.479899	0.389968	
0.727536	0.038305	1.467548	8.881899	-0.709989	0.486028	0.388236	
0.728536	0.052669	1.443608	8.936962	-0.720781	0.486694	0.368917	
0.729535	-0.074215	1.448396	8.987237	-0.727576	0.480965	0.349199	
0.730536	-0.016758	1.503459	8.977661	-0.731972	0.477101	0.346801	
0.731536	0.114914	1.503459	8.934568	-0.735836	0.481631	0.363721	
0.732534	0.174765	1.426850	8.965691	-0.742231	0.488292	0.388369	
0.733533	0.172371	1.220962	9.152426	-0.748893	0.492689	0.407554	
0.734529	0.090974	1.129988	9.212277	-0.752490	0.493489	0.415815	
0.735544	0.043093	1.120412	9.320009	-0.751557	0.491890	0.412617	
0.736548	-0.095762	1.103654	9.372678	-0.747427	0.487626	0.400360	
0.737542	-0.179553	1.175475	9.365496	-0.743164	0.478700	0.384905	
0.738523	-0.217858	1.254479	9.410983	-0.738501	0.470173	0.375179	
0.739541	-0.102944	1.278419	9.451682	-0.733305	0.468175	0.373181	
0.740525	-0.031123	1.343058	9.487592	-0.727309	0.473770	0.374247	
0.741547	0.000000	1.287995	9.449288	-0.718516	0.484162	0.365720	
0.742520	-0.110126	1.350240	9.456470	-0.704527	0.488026	0.336276	
0.743517	-0.174765	1.383757	9.418165	-0.687340	0.486694	0.317623	
0.744532	-0.138854	1.426850	9.377466	-0.670686	0.485894	0.316158	
0.745527	-0.143643	1.541764	9.439711	-0.654965	0.486694	0.318156	
0.746539	-0.172371	1.565704	9.446894	-0.640443	0.489625	0.319355	
0.747534	-0.258557	1.632737	9.482804	-0.625787	0.492156	0.313360	
0.748517	-0.179553	1.714135	9.384648	-0.605270	0.488692	0.298305	
0.751867	-0.232222	1.790744	9.298463	-0.579289	0.476302	0.293508	
0.751874	-0.229828	1.819473	9.233824	-0.556907	0.466309	0.301369	
0.751877	-0.088580	1.824261	9.200307	-0.536522	0.463645	0.302302	
0.752544	-0.100550	1.936781	9.320009	-0.515472	0.464178	0.281518	
0.753548	-0.265739	2.082817	9.329585	-0.488026	0.458848	0.249276	
0.754538	-0.289679	2.135486	9.320009	-0.455518	0.445126	0.226227	
0.755553	-0.222646	2.240824	9.245794	-0.422476	0.434201	0.224761	
0.756541	-0.095762	2.288705	9.205095	-0.392632	0.433934	0.225560	
0.757536	-0.031123	2.279129	9.248188	-0.358792	0.436998	0.221164	
0.758532	-0.055063	2.169003	9.178761	-0.320288	0.436066	0.215568	
0.759538	-0.038305	2.166609	9.157214	-0.278986	0.430870	0.212637	
0.760542	0.093368	2.121122	9.130880	-0.234887	0.425407	0.217167	
0.761542	0.167583	2.061271	9.200307	-0.190521	0.423542	0.218632	
0.762542	0.148431	2.020572	9.173973	-0.146688	0.418613	0.203577	
0.763544	0.047881	1.979874	9.162002	-0.102855	0.407155	0.182260	
0.764528	0.100550	1.999026	9.217065	-0.057689	0.393165	0.167338	
0.765523	0.117308	2.006208	9.305645	-0.011458	0.381574	0.161476	
0.766515	0.086186	1.975085	9.293675	0.031975	0.374913	0.166139	
0.767551	0.124490	1.931993	9.394225	0.069946	0.368784	0.172534	
0.768531	0.117308	1.869748	9.300857	0.106452	0.364387	0.170669	
0.769544	0.107732	1.960721	9.367890	0.123106	0.370516	0.150418	
0.770561	0.349530	2.453894	9.896974	0.108317	0.375579	0.138427	
0.771567	0.617663	2.717239	10.349448	0.088332	0.362922	0.152017	
0.772560	0.883402	2.982978	10.557729	0.066482	0.341205	0.175732	
0.773559	0.885796	3.069163	10.440421	0.055424	0.321487	0.187856	
0.774563	0.593723	2.508957	9.956825	0.063152	0.305899	0.196916	
0.775558	0.620057	2.097182	9.731785	0.068081	0.297106	0.213303	
0.776562	0.629633	1.994238	9.655175	0.068614	0.292443	0.228891	
0.777559	0.517113	1.910446	9.518715	0.066482	0.288446	0.241149	
0.778559	0.244192	1.884112	9.516321	0.061819	0.287913	0.244080	
0.779554	0.169977	2.109152	9.801212	0.026513	0.298038	0.249942	
0.780562	0.213070	2.705269	10.402117	0.002531	0.291643	0.259401	
0.781558	0.246586	2.128304	9.873033	0.011191	0.269793	0.262466	
0.782516	0.146037	1.608797	9.741361	0.010792	0.260334	0.260467	
0.783514	0.172371	1.917628	10.270444	-0.043167	0.284848	0.266329	
0.784502	0.375865	2.973401	11.129906	-0.119775	0.315758	0.279919	
0.785518	0.339954	2.887216	11.158634	-0.139493	0.313093	0.280452	
0.786519	0.213070	1.479519	10.177077	-0.085268	0.275922	0.268727	
0.787537	0.416563	0.251375	9.837123	-0.077407	0.266196	0.256470	
0.788513	0.469232	1.426850	11.278336	-0.160011	0.303634	0.254871	
0.789550	0.368683	2.154639	11.862483	-0.199980	0.318556	0.268328	
0.790548	0.414169	0.720607	10.698978	-0.136429	0.274989	0.284715	
0.791578	-0.004788	-1.132382	10.212987	0.095260	-0.107518	0.269660	
0.792578	-1.850595	0.284891	36.889808	0.440329	-1.363622	0.208640	
0.793627	0.605693	-0.567388	30.828091	0.208507	-1.838058	0.150551	
0.794623	3.703584	-2.851305	16.372860	-0.048896	-1.525231	0.112447	
0.795621	3.380389	-2.638235	9.252976	0.093928	-1.230391	0.075276	
0.796570	2.214490	-1.958327	7.900342	0.405689	-1.165773	0.031842	
0.797645	1.448396	-1.374181	8.723893	0.496553	-1.072378	-0.031576	
0.798526	1.019862	-1.110836	12.516057	0.396763	-0.948207	-0.090997	
0.799522	0.708637	-0.100550	13.057110	0.358392	-0.810312	-0.070080	
0.800536	-0.268133	-0.847491	10.153136	0.557706	-0.741698	-0.029444	
0.801536	-0.392623	-3.081133	8.913022	0.688939	-0.600873	-0.058222	
0.802557	-0.031123	-1.611191	10.540971	0.708790	-0.478833	-0.099124	
0.803550	-1.053379	-0.629633	13.294121	0.721580	-0.411018	-0.118443	
0.804535	-0.706243	-1.862565	9.348738	0.770876	-0.315225	-0.146421	
0.805563	-0.895372	-2.705269	8.608979	0.854945	-0.261400	-0.178397	
0.806579	-0.892978	-0.359106	11.235244	0.829364	-0.190521	-0.186524	
0.807574	-0.682302	0.806792	12.245530	0.789795	-0.090198	-0.184126	
0.808622	-0.617663	0.802004	11.594350	0.802052	0.022649	-0.180129	
0.809602	-0.715819	-0.608087	10.045404	0.832429	0.053159	-0.192119	
0.810612	-0.758912	-1.005498	9.166791	0.818440	0.046764	-0.229557	
0.811620	-0.335166	-0.837915	9.475622	0.779270	0.076741	-0.272191	
0.812575	-0.655968	-0.275315	9.973583	0.779936	0.062352	-0.249276	
0.813571	-1.072531	0.371077	9.324797	0.820305	0.061153	-0.220631	
0.814519	-1.017468	0.045487	9.547443	0.780602	0.054492	-0.205043	
0.815526	-0.821157	0.881008	10.694190	0.670819	0.059688	-0.199314	
0.816529	-0.497961	0.593723	10.280021	0.583819	0.101522	-0.193052	
0.817543	-0.713425	0.655968	9.190731	0.560237	0.129501	-0.178263	
0.818577	-1.058167	2.164215	10.497878	0.616461	0.073544	-0.135629	
0.819624	-1.137170	2.415589	10.198623	0.641375	-0.008394	-0.095260	
0.820556	-0.823551	0.672726	10.253686	0.579023	-0.044100	-0.093528	
0.821534	-0.239404	1.338270	10.981475	0.334943	-0.051427	-0.077008	
0.822534	0.172371	3.339690	14.148794	0.123106	-0.040902	-0.026646	
0.823557	0.615269	3.694008	13.014018	-0.045165	-0.021317	0.021051	
0.824521	0.574570	3.423481	9.942460	-0.074343	-0.044100	0.060087	
0.825530	0.790034	2.417983	11.091601	-0.017054	-0.020917	0.064750	
0.826519	1.067743	0.830733	9.351132	0.048496	0.045565	0.051960	
0.827518	0.806792	1.153929	9.224248	-0.007194	0.035972	0.003997	
0.828532	0.536266	2.906368	11.726022	-0.113247	0.018119	0.014789	
0.829528	1.510641	3.176895	12.001337	-0.163874	0.047564	0.086067	
0.830532	0.857067	0.981558	9.643205	-0.158412	0.041968	0.170003	
0.831519	-0.385441	1.050985	8.269024	-0.112314	-0.028911	0.202645	
0.832541	-0.562600	1.862565	9.564202	-0.085801	-0.061953	0.196649	
0.833519	-0.217858	1.158717	10.596034	-0.108583	-0.036239	0.180528	
0.834511	-0.057457	0.263345	10.500272	-0.118443	-0.028245	0.174133	
0.835504	0.215464	0.186735	9.025542	-0.071678	0.012257	0.170270	
0.836508	0.579358	0.679908	8.731075	-0.016387	0.041968	0.145888	
0.837512	0.059851	1.000710	9.703056	-0.018519	0.037971	0.110582	
0.838518	0.359106	0.869038	9.801212	-0.024648	0.032775	0.131100	
0.839521	0.806792	1.649496	10.014282	-0.007328	0.028511	0.197449	
0.840517	0.924101	1.606403	9.844305	-0.015188	0.020518	0.241948	
0.841553	0.864250	1.855383	9.906550	-0.063018	-0.003730	0.253006	
0.842576	0.797216	2.104364	10.399723	-0.120041	0.016387	0.253806	
0.843564	0.916918	2.224066	11.000627	-0.152816	0.029311	0.279386	
0.844563	0.723001	2.216884	10.433239	-0.168005	0.010392	0.325217	
0.845575	0.490779	1.398121	9.061453	-0.112447	-0.002531	0.355061	
0.846565	0.536266	0.275315	8.393515	-0.004796	0.022516	0.309896	
0.847574	-0.476415	0.002394	7.641785	0.135629	0.060887	0.222096	
0.848594	-1.254479	0.904948	7.850067	0.228891	0.056357	0.183326	
0.849615	-0.541054	1.335876	9.686298	0.149352	0.046098	0.187856	
0.850614	-0.124490	2.116334	12.200043	-0.003464	0.023315	0.239150	
0.851595	0.727789	2.877640	11.723628	-0.069547	0.013590	0.301636	
0.852575	0.892978	2.520927	9.078211	-0.018786	0.016920	0.346934	
0.853556	0.287285	1.793138	8.563492	0.052893	0.028911	0.364387	
0.854565	-0.201100	1.290389	9.580960	0.081671	0.048629	0.352263	
0.855564	-0.268133	1.041409	9.782060	0.069547	0.056224	0.339873	
0.856580	-0.313620	1.505853	9.741361	0.039703	0.035040	0.355727	
0.857615	-0.399805	2.008602	9.947249	0.019851	0.013723	0.372248	
0.858613	-0.531478	1.613585	10.057375	0.023982	0.027312	0.342005	
0.859584	-0.936071	1.395727	9.743755	0.059821	0.077674	0.273524	
0.860582	-1.106048	1.273631	9.736573	0.107384	0.125237	0.245145	
0.861613	-0.366289	1.165899	9.743755	0.132165	0.140426	0.265930	
0.862569	-0.459656	1.180263	9.942460	0.114046	0.112714	0.302968	
0.863546	-1.149141	1.297571	10.232140	0.057423	0.074210	0.303501	
0.864537	-1.453184	1.529793	10.145954	0.021051	0.064750	0.291110	
0.865554	-0.567388	1.848201	10.069345	0.017587	0.058089	0.325484	
0.866541	0.244192	1.694982	9.975977	0.034107	0.036639	0.388769	
0.867547	0.395017	0.596117	9.482804	0.036239	0.039037	0.405023	
0.868536	-0.780458	0.643998	9.384648	0.018519	0.049562	0.367851	
0.869571	-2.209702	2.018178	10.335083	-0.031443	0.019185	0.328548	
0.870560	-1.084501	1.364604	11.407615	-0.084202	-0.005729	0.344403	
0.871538	0.952829	-0.026334	10.294385	-0.087000	-0.008660	0.404757	
0.872540	1.752439	-1.254479	8.855565	-0.042501	-0.006262	0.452054	
0.873590	1.340664	-1.826655	8.692770	0.001599	-0.009992	0.471905	
0.874605	0.878614	-1.364604	9.142850	0.026913	-0.011191	0.468175	
0.875674	-0.620057	-0.160401	9.123698	0.039703	-0.016521	0.428738	
0.876625	-1.855383	1.053379	9.281705	0.041168	-0.031576	0.405689	
0.877624	-1.637525	1.204204	9.980765	0.026913	-0.033574	0.405689	
0.878619	-1.086896	0.821157	10.105255	0.015721	-0.034773	0.409953	
0.879574	-0.371077	0.785246	9.753331	0.023715	-0.035040	0.412617	
0.880591	-0.378259	0.701455	9.671934	0.057822	-0.011058	0.379576	
0.881596	-0.715819	0.864250	9.885003	0.084602	0.017986	0.314959	
0.882557	-0.655968	1.077319	10.193835	0.081005	0.022649	0.282850	
0.883607	-0.033517	0.658362	10.332689	0.065683	0.023315	0.298704	
0.884617	0.189129	0.119702	10.009494	0.055824	0.021583	0.334943	
0.885609	0.098156	-0.251375	10.050192	0.044899	0.019452	0.352263	
0.886612	0.119702	-0.143643	10.224958	0.037971	0.009593	0.345735	
0.887556	0.632027	0.062245	10.054980	0.039037	-0.008527	0.336675	
0.888555	1.118018	-0.287285	9.959219	0.054758	-0.032242	0.322686	
0.889547	1.058167	-0.215464	9.425347	0.080338	-0.055824	0.292176	
0.890574	0.299255	-0.045487	9.451682	0.104320	-0.078074	0.247943	
0.891588	-0.148431	-0.033517	10.043010	0.114179	-0.097658	0.200779	
0.892665	0.387835	-1.213780	10.086103	0.100856	-0.084202	0.114979	
0.893569	1.975085	-4.098602	9.427741	0.123905	-0.046098	0.009326	
0.894597	0.507537	-2.805818	7.665726	0.114979	0.143890	-0.012657	
0.895580	-3.612611	2.054089	7.083973	0.084602	0.270726	0.034374	
0.896574	-6.322667	6.372942	12.135404	0.043167	0.148286	0.081271	
0.897567	-3.974111	4.524741	13.124144	0.004530	0.003864	0.090331	
0.898610	-0.790034	1.129988	9.949643	0.012257	-0.031043	0.075542	
0.899566	0.416563	-0.351924	8.778956	0.054225	-0.016787	0.055158	
0.900616	0.464444	-0.588935	9.885003	0.064617	0.001332	0.043567	
0.901592	0.438110	-0.567388	10.581670	0.039303	0.012257	0.045698	
0.902538	0.385441	-0.244192	9.954431	0.023315	0.019185	0.048363	
0.903546	-0.026334	0.153219	9.446894	0.028378	0.023449	0.045965	
0.904544	-0.488385	0.395017	9.750937	0.033441	0.025447	0.039436	
0.905538	-0.476415	0.320802	10.009494	0.030110	0.031576	0.032109	
0.906541	-0.375865	0.189129	9.703056	0.027046	0.040236	0.021717	
0.907532	-0.237010	-0.208282	9.612083	0.033441	0.040369	0.007328	
0.908556	-0.241798	-0.687090	9.731785	0.040103	0.047963	-0.011058	
0.909563	-0.222646	-0.904948	9.542655	0.056224	0.049695	-0.028778	
0.910563	-0.526689	-0.943253	9.724603	0.082204	0.032375	-0.057156	
0.911567	-0.679908	-1.671042	9.334374	0.116044	0.037838	-0.114312	
0.912562	-1.036621	-3.298991	8.288177	0.204377	0.067815	-0.226760	
0.913563	-2.458682	-4.828785	6.823022	0.465243	0.040369	-0.412217	
0.914564	-3.583882	-7.613057	-0.943253	1.175632	0.153482	-0.595677	
0.915554	-0.031123	-2.602325	-10.478726	1.695234	0.209306	-0.597276	
0.916564	1.225750	-1.838625	2.856093	1.691504	0.583553	-0.461646	
0.917551	9.504351	1.790744	9.995129	1.698032	0.653766	-0.348799	
0.918532	5.616425	10.737283	16.636205	1.011891	0.424874	-0.338274	
0.919539	6.394489	12.156950	19.252894	0.340939	0.660161	-0.478034	
0.920551	9.145244	12.602242	11.714052	0.069280	0.924358	-0.549446	
0.921554	-3.234352	-0.816369	6.633893	0.160544	1.039337	-0.521334	
0.922560	-5.676276	-2.942279	-2.997342	0.615262	1.353230	-0.359058	
0.923551	-0.098156	-0.543448	-4.134512	1.194285	1.348167	-0.207841	
0.924571	2.078029	-6.061717	12.010914	1.021750	0.829631	-0.277387	
0.925568	-6.497433	-1.244902	24.912411	0.223029	0.842288	-0.352397	
0.926584	-3.854409	11.733205	16.502138	-0.162809	1.270760	-0.234221	
0.927643	1.168293	7.361682	5.475176	-0.000666	1.531626	-0.109783	
0.928570	1.369393	-4.194363	3.682038	0.195450	1.376545	-0.116711	
0.929585	0.203494	-0.375865	5.896528	0.011191	0.783000	-0.231023	
0.930640	-2.501775	-0.402199	8.254660	-0.429538	0.104453	-0.284582	
0.931561	-7.670514	7.565176	1.149141	-0.881991	-0.160011	-0.068614	
0.932575	-7.502931	2.159427	5.247742	-1.055325	-0.027712	-0.043300	
0.933604	7.838097	-7.179735	20.524130	-0.858942	-0.043300	-0.142158	
0.934577	-6.360972	11.082025	6.430399	-0.847617	-0.200380	0.106052	
0.935593	-8.278601	1.850595	3.816104	-0.728508	-0.428072	0.011458	
0.936587	6.344214	-4.522347	8.944145	-0.560504	-0.399028	-0.026646	
0.937577	-2.319828	0.282497	6.693744	-0.784998	-0.142291	0.050628	
0.938543	6.040170	-7.139036	19.772401	-0.616194	-0.070479	-0.191187	
0.939565	-0.586541	5.992290	9.999917	-0.647770	0.046764	0.015322	
0.940580	-6.564466	2.238430	1.419667	-0.721847	0.413949	0.028778	
0.941567	11.093995	-10.935988	13.988393	-0.365853	0.781934	-0.137761	
0.942614	1.795532	2.482623	7.842885	-0.514672	0.732905	0.033841	
0.943553	-12.446629	4.584592	9.741361	-0.875329	0.377178	0.048629	
0.944530	5.432083	-5.130434	25.949032	-0.686940	-0.101389	-0.153882	
0.945566	-0.227434	1.706953	16.190913	-0.654432	-0.410885	-0.035706	
0.946557	-11.089207	5.467994	3.480938	-0.864671	-0.431669	0.148286	
0.947582	0.813975	0.596117	6.681774	-0.682810	-0.372914	-0.045299	
0.948577	7.282679	-4.699506	8.005680	-0.170270	-0.181328	-0.081804	
0.949539	-4.673172	-0.770882	-2.892004	-0.190387	0.056890	0.108850	
0.950531	0.474021	-2.015784	9.094969	-0.150285	0.348400	-0.031842	
0.951522	11.563228	-1.539370	29.494609	-0.038237	0.483763	-0.126037	
0.952557	-3.054799	5.269289	19.099675	-0.431403	0.136828	-0.065017	
0.953540	-10.536183	4.517559	4.730629	-0.956467	-0.383440	0.110715	
0.954540	-4.151271	4.656414	8.381544	-0.796590	-0.970590	0.193185	
0.955540	0.634421	-6.976241	22.130533	-0.314292	-1.400127	0.093129	
0.956541	0.043093	-3.516849	14.926858	0.012657	-1.235320	0.004530	
0.957513	0.237010	-0.730183	11.809814	0.096193	-0.904640	-0.014389	
0.958526	0.560206	2.039725	10.318325	-0.007194	-0.935150	-0.004663	
0.959536	-1.280813	-0.186735	8.666436	-0.110449	-1.018686	0.008527	
0.960534	0.713425	-2.291099	12.346080	-0.035972	-0.763015	0.025714	
0.961524	1.745257	0.383047	15.609160	0.049695	-0.425807	0.030910	
0.962535	0.136460	1.323906	13.490432	0.048896	-0.256470	0.017320	
0.963541	0.083792	-0.124490	10.720524	0.046364	-0.204377	0.008793	
0.964527	0.368683	-0.301649	10.236928	0.062885	-0.174799	0.012124	
0.965529	-0.122096	0.421352	11.127512	0.059954	-0.142291	0.013723	
0.966530	-0.239404	0.634421	11.192151	0.038770	-0.115645	0.013190	
0.967526	-0.165189	0.268133	10.303961	0.025580	-0.096459	0.009859	
0.968525	-0.184341	-0.088580	10.043010	0.030377	-0.069946	0.008260	
0.969530	-0.146037	0.138854	10.445209	0.035306	-0.036772	0.006395	
0.970530	-0.191523	0.299255	10.591246	0.030110	-0.012257	0.006262	
0.971525	-0.189129	0.251375	10.332689	0.024648	0.000799	0.005462	
0.972518	-0.177159	0.141249	10.071739	0.021184	0.005196	0.004530	
0.973543	-0.244192	0.153219	10.016676	0.018652	0.005329	0.004263	
0.974540	-0.313620	0.167583	10.028646	0.015588	0.006528	0.002931	
0.975623	-0.217858	0.191523	9.954431	0.010126	0.006129	-0.000933	
0.976586	-0.277709	0.181947	9.865851	0.008260	0.006262	-0.001865	
0.977587	-0.244192	0.179553	9.858669	0.009060	0.004796	-0.000666	
0.978581	-0.284891	0.162795	9.719814	0.008793	0.003730	-0.001466	
0.979572	-0.306437	0.129278	9.851487	0.008260	0.001998	-0.003730	
0.980572	-0.284891	0.124490	9.856275	0.007994	0.002398	-0.002132	
0.981573	-0.217858	0.122096	9.820364	0.007328	0.003064	-0.003198	
0.982543	-0.210676	0.105338	9.887397	0.006662	0.004663	-0.002398	
0.983520	-0.196312	0.131672	9.954431	0.008527	0.006395	-0.002798	
0.984524	-0.186735	0.196312	9.904156	0.009459	0.008793	-0.001599	
0.985538	-0.251375	0.129278	9.825152	0.009326	0.008793	-0.002265	
0.986572	-0.301649	0.122096	9.849093	0.009992	0.005862	-0.005063	
0.987569	-0.244192	0.124490	9.810788	0.009992	0.004930	-0.005063	
0.988546	-0.220252	0.153219	9.760513	0.009593	0.005995	-0.003331	
0.989570	-0.217858	0.114914	9.798818	0.009459	0.006129	-0.003198	
0.990572	-0.222646	0.119702	9.815576	0.010525	0.006262	-0.002531	
0.991567	-0.189129	0.122096	9.801212	0.011591	0.006795	-0.002665	
0.992560	-0.203494	0.205888	9.791636	0.010658	0.006795	-0.003198	
0.993575	-0.181947	0.138854	9.856275	0.009992	0.006262	-0.004263	
0.994587	-0.244192	0.122096	9.892186	0.009992	0.007594	-0.003464	
0.995595	-0.220252	0.196312	9.832334	0.010925	0.007061	-0.001732	
0.996583	-0.215464	0.138854	9.789242	0.012790	0.006928	-0.003464	
0.997623	-0.217858	0.067033	9.782060	0.012524	0.005862	-0.003997	
0.998531	-0.220252	0.064639	9.827546	0.011991	0.005196	-0.003064	
0.999556	-0.203494	0.134066	9.837123	0.013856	0.005995	-0.003064	
1.000573	-0.184341	0.174765	9.882609	0.013856	0.005596	-0.003730	
1.001621	-0.229828	0.146037	9.810788	0.013989	0.004130	-0.004530	
1.002622	-0.220252	0.150825	9.880215	0.015988	0.003464	-0.004397	
1.003621	-0.143643	0.033517	9.743755	0.020251	0.006395	-0.002531	
1.004562	-0.150825	0.033517	9.643205	0.024248	0.009060	0.000266	
1.005620	-0.167583	0.136460	9.712632	0.024248	0.007861	0.000533	
1.006590	-0.129278	0.098156	9.734179	0.023715	0.005596	0.001466	
1.007622	-0.169977	0.076609	9.743755	0.026113	0.005462	0.000266	
1.008535	-0.193917	0.067033	9.671934	0.030643	0.006528	0.000266	
1.009597	-0.193917	0.102944	9.650387	0.032908	0.007194	0.002665	
1.010683	-0.136460	0.067033	9.724603	0.033708	0.007727	0.004263	
1.011608	-0.131672	0.126884	9.703056	0.035972	0.005862	0.003997	
1.012592	-0.177159	0.134066	9.645599	0.038104	0.002132	0.004263	
1.013595	-0.167583	0.150825	9.659963	0.043833	-0.014389	0.004263	
1.014591	-0.088580	1.738075	5.745703	-0.001732	-0.441262	-0.000400	
1.015566	-3.964535	1.410091	2.118728	-0.121240	-0.922893	-0.002798	
1.016565	0.007182	-4.706688	10.069345	0.009459	-0.639643	-0.003464	
1.017581	3.270263	-0.359106	16.916308	0.137495	-0.051827	0.014922	
1.018548	0.548236	2.671752	14.318771	0.081538	0.151351	0.021317	
1.019558	-0.648786	0.155613	9.578566	0.029977	0.082737	0.013190	
1.020556	0.143643	-0.742153	8.513217	0.044766	-0.001199	0.012257	
1.021542	-0.220252	0.416563	10.275232	0.051028	-0.022250	0.009326	
1.022513	-0.337560	0.737365	10.840227	0.034640	-0.006795	0.006262	
1.023541	-0.021546	0.193917	9.980765	0.025847	0.005862	0.008660	
1.024556	-0.117308	-0.067033	9.382254	0.033041	0.004263	0.010259	
1.025573	-0.213070	0.086186	9.686298	0.039303	-0.002665	0.011325	
1.026571	-0.193917	0.241798	9.863457	0.036505	-0.009726	0.010658	
1.027623	-0.153219	0.138854	9.703056	0.033441	-0.013590	0.010658	
1.028623	-0.220252	0.136460	9.621659	0.032242	-0.028911	0.010658	
1.029622	-0.184341	0.524295	8.798108	0.014789	-0.164807	0.010525	
1.030590	-1.230538	0.569782	7.716000	-0.022383	-0.289112	0.012391	
1.031543	0.227434	-1.683012	10.488302	0.044899	-0.127636	0.008793	
1.032527	1.058167	0.481203	11.826572	0.075409	0.029044	0.012657	
1.033565	-0.268133	1.019862	10.775587	0.043966	0.041568	0.012391	
1.034549	-0.177159	-0.179553	9.389437	0.036639	0.012923	0.012257	
1.035552	0.356712	-0.043093	9.408589	0.043167	0.004263	0.012524	
1.036625	-0.703849	0.675120	10.773193	0.030510	0.010259	0.002665	
1.037591	-0.881008	0.380653	10.359024	0.016521	-0.005196	0.001599	
1.038589	1.007892	-0.531478	8.582644	0.040502	-0.001066	0.013590	
1.039605	-0.086186	-0.035911	9.703056	0.059021	0.014389	0.015188	
1.040621	-0.574570	0.653574	10.454786	0.043700	0.010525	0.009326	
1.041587	0.038305	0.184341	9.741361	0.033175	0.005462	0.009326	
1.042610	-0.031123	-0.031123	9.425347	0.036905	0.003730	0.011058	
1.043611	-0.234616	0.122096	9.851487	0.038237	0.002398	0.011058	
1.044586	-0.124490	0.150825	10.011888	0.038237	0.005596	0.011724	
1.045536	-0.059851	0.201100	9.849093	0.034773	0.006795	0.013057	
1.046547	-0.213070	0.169977	9.813182	0.031709	0.002798	0.010259	
1.047573	-0.222646	0.203494	9.949643	0.028911	0.001466	0.009193	
1.048524	-0.095762	0.251375	9.999917	0.022916	0.000799	0.006928	
1.049533	0.055063	0.268133	9.817970	0.016387	0.000000	0.005995	
1.050568	-0.282497	0.241798	10.064557	0.016654	0.006262	0.004663	
1.051564	-0.485991	0.225040	9.964007	0.013323	-0.002665	0.003997	
1.052548	0.007182	-0.011970	9.439711	0.016387	-0.010658	0.009060	
1.053565	0.074215	0.023940	9.609688	0.022916	-0.008527	0.011591	
1.054567	-0.306437	0.385441	10.141166	0.019185	-0.006928	0.009593	
1.055552	-0.215464	0.311226	9.940066	0.012124	-0.011991	0.008527	
1.056540	-0.160401	0.141249	9.722208	0.009859	-0.016387	0.007328	
1.057621	-0.193917	0.227434	9.865851	0.005995	-0.020118	0.004530	
1.058623	-0.174765	0.337560	10.078921	-0.001865	-0.022916	0.005995	
1.059618	-0.181947	0.057457	10.009494	-0.001865	-0.017720	0.006928	
1.060617	-0.191523	-0.093368	9.652781	0.006395	-0.011058	0.005462	
1.061560	-0.114914	0.165189	9.853881	0.009593	-0.003997	0.004530	
1.062547	-0.079003	0.246586	10.062163	0.005729	0.001466	0.005063	
1.063521	0.002394	0.174765	9.911338	0.002398	0.004263	0.005196	
1.064523	0.021546	0.169977	9.853881	0.000799	0.010126	0.002798	
1.065515	-0.596117	0.232222	10.299173	-0.002798	0.013989	-0.001066	
1.066499	-0.287285	0.093368	9.571384	-0.003597	-0.003730	0.002265	
1.067511	0.225040	-0.299255	9.346344	0.012391	0.001865	0.007061	
1.068536	-0.052669	0.349530	10.122014	0.010925	0.008127	0.007461	
1.069531	-0.208282	0.507537	10.313537	-0.003064	0.009060	0.005462	
1.070538	-0.134066	-0.002394	9.650387	0.000400	0.008394	0.005862	
1.071539	-0.227434	-0.047881	9.442105	0.011458	0.004663	0.005329	
1.072543	-0.208282	0.210676	9.899368	0.012657	0.003064	0.003464	
1.073535	-0.011970	0.296861	10.052586	0.010126	0.006662	0.002398	
1.074551	-0.105338	0.093368	9.669540	0.011724	0.007461	0.004130	
1.075546	-0.179553	0.059851	9.568990	0.016920	0.007061	0.003464	
1.076553	-0.181947	0.090974	9.643205	0.019718	0.005596	0.002398	
1.077571	-0.213070	0.100550	9.851487	0.021184	0.005462	0.001332	
1.078572	-0.165189	0.102944	9.712632	0.024115	0.005196	0.003730	
1.079571	-0.086186	0.000000	9.583354	0.030643	0.006262	0.003331	
1.080615	-0.131672	0.146037	9.789242	0.033708	0.007194	0.002931	
1.081549	-0.215464	0.213070	9.913732	0.031842	0.007994	0.002798	
1.082541	-0.196312	0.234616	9.880215	0.028645	0.005329	0.003464	
1.083514	-0.186735	0.232222	9.894580	0.025580	0.004263	0.003331	
1.084528	-0.198706	0.239404	9.913732	0.022916	0.003464	-0.000533	
1.085526	-0.169977	0.213070	9.873033	0.020651	0.001066	0.000133	
1.086558	-0.155613	0.196312	9.966401	0.020518	-0.000133	0.001865	
1.087558	-0.220252	0.165189	9.918520	0.021583	0.000933	0.000000	
1.088570	-0.181947	0.234616	9.841911	0.019985	0.001732	-0.002931	
1.089599	-0.093368	0.260951	9.918520	0.017054	0.000799	-0.001732	
1.090659	-0.033517	0.210676	9.875427	0.013590	0.007328	-0.003864	
1.091574	-0.620057	0.246586	10.131590	0.010525	0.005196	-0.007727	
1.092635	-0.081397	-0.028729	9.173973	0.012257	-0.014789	-0.003597	
1.093633	0.134066	-0.162795	9.475622	0.026646	-0.009859	-0.000533	
1.094568	-0.313620	0.344742	10.110043	0.027845	-0.003864	-0.002665	
1.095575	-0.304043	0.272921	9.899368	0.020784	-0.008793	-0.005063	
1.096629	-0.098156	0.284891	9.286493	0.031709	-0.065417	-0.005462	
1.097587	-1.383757	2.391649	5.384203	-0.064351	-0.543450	0.005196	
1.098600	-2.614295	-1.955933	7.536447	-0.060087	-0.667489	-0.007861	
1.099536	2.331798	-2.118728	10.548153	0.067948	-0.376645	-0.002132	
1.100555	0.818763	1.101260	13.104991	0.092329	-0.093528	0.001199	
1.101528	0.107732	0.524295	11.534499	0.061020	0.024515	-0.000799	
1.102604	0.253769	0.071821	10.416481	0.046897	0.035040	-0.002798	
1.103504	-0.191523	0.519507	10.421269	0.033974	0.003064	-0.004397	
1.104528	-0.260951	0.383047	10.330295	0.023982	-0.009326	-0.006928	
1.105515	-0.105338	0.263345	10.169895	0.020251	-0.003198	-0.009726	
1.106506	-0.141249	0.155613	9.935278	0.018786	0.001199	-0.010126	
1.107509	-0.198706	0.074215	9.731785	0.020518	0.000533	-0.009726	
1.108514	-0.131672	0.079003	9.715026	0.023848	-0.002132	-0.008926	
1.109529	-0.098156	0.138854	9.760513	0.025847	-0.003864	-0.008793	
1.110513	-0.114914	0.136460	9.664751	0.028378	-0.005063	-0.008527	
1.111505	-0.102944	0.141249	9.657569	0.033441	-0.005729	-0.008660	
1.112547	-0.083792	0.148431	9.729391	0.036772	-0.005329	-0.008260	
1.113529	-0.043093	0.098156	9.777271	0.039303	-0.001998	-0.006528	
1.114546	0.009576	0.112520	9.827546	0.041435	0.000533	-0.006662	
1.115524	0.019152	0.129278	9.794030	0.042368	0.004130	-0.005596	
1.116502	-0.035911	0.117308	9.789242	0.044632	0.005196	-0.005862	
1.117494	-0.100550	0.119702	9.832334	0.044499	0.001599	-0.005462	
1.118494	-0.028729	0.196312	9.829940	0.044233	0.001066	-0.002132	
1.119517	-0.033517	0.260951	9.863457	0.042501	0.001199	-0.003331	
1.120510	-0.086186	0.232222	9.920914	0.040636	0.001332	-0.004796	
1.121492	-0.071821	0.232222	9.808394	0.038637	0.002531	-0.003464	
1.122538	-0.162795	0.213070	9.870639	0.037172	0.001732	-0.005196	
1.123556	-0.153219	0.246586	9.992735	0.035573	-0.000266	-0.006129	
1.124545	-0.045487	0.213070	9.889792	0.035306	0.000533	-0.004930	
1.125548	-0.093368	0.299255	9.827546	0.031576	0.000799	-0.005596	
1.126575	-0.069427	0.272921	9.964007	0.027179	-0.002931	-0.006528	
1.127597	-0.146037	0.220252	9.925702	0.023449	-0.006262	-0.005063	
1.128529	-0.088580	0.323196	9.942460	0.020118	-0.010392	-0.006395	
1.129559	-0.119702	0.387835	9.779666	0.023982	-0.035440	-0.008793	
1.130573	-0.222646	2.824971	3.978899	0.055557	-0.726910	-0.019052	
1.131548	-7.699242	2.396437	-2.480229	-0.053292	-2.046698	-0.050228	
1.132544	-1.589645	-11.089207	5.147192	0.133631	-1.555208	-0.062219	
1.133523	10.332689	-2.238430	20.090809	0.403957	-0.123905	-0.005462	
1.134515	2.027754	6.784718	18.862665	0.255671	0.374646	0.036772	
1.135526	-2.439530	0.294467	10.038222	0.110982	0.229957	0.010392	
1.136650	-0.385441	0.304043	10.725312	0.061420	0.005729	-0.009459	
1.137523	0.562600	1.855383	12.037248	0.016254	-0.065816	-0.013989	
1.138530	-0.375865	0.957617	11.532105	-0.008527	-0.016920	-0.016920	
1.139519	-0.220252	0.442898	10.198623	-0.013856	0.025580	-0.017587	
1.140532	0.069427	0.213070	9.578566	-0.013456	0.021051	-0.015188	
1.141497	-0.122096	0.064639	9.406195	-0.008660	-0.006395	-0.010525	
1.142487	-0.026334	0.002394	9.509139	0.001199	-0.015055	-0.007861	
1.143490	0.196312	0.090974	9.571384	0.011458	-0.008926	-0.006928	
1.144477	-0.062245	0.100550	9.518715	0.020917	-0.006928	-0.005329	
1.145485	-0.095762	0.083792	9.662357	0.028378	-0.005329	-0.005596	
1.146488	0.050275	0.162795	9.770089	0.030377	-0.002665	-0.007594	
1.147484	0.153219	0.201100	9.889792	0.030377	0.002531	-0.007461	
1.148501	0.021546	0.316014	9.952037	0.026913	0.005329	-0.008127	
1.149504	-0.122096	0.330378	9.980765	0.022516	0.006662	-0.008660	
1.150509	-0.095762	0.316014	10.033434	0.017453	0.005196	-0.008926	
1.151495	-0.045487	0.256163	9.875427	0.014655	0.000133	-0.008260	
1.152492	-0.038305	0.201100	9.858669	0.013590	-0.001599	-0.007861	
1.153496	0.112520	0.241798	9.877821	0.013323	0.000133	-0.008127	
1.154496	0.107732	0.371077	10.004706	0.012657	0.014922	-0.009593	
1.155500	-0.514719	0.308832	9.932884	0.004930	0.004397	-0.013590	
1.156498	0.129278	-0.059851	8.941750	0.007461	-0.013989	-0.009859	
1.157507	0.141249	0.071821	9.954431	0.018253	-0.003730	-0.008660	
1.158489	-0.002394	0.342348	10.026252	0.018786	0.005196	-0.009726	
1.159489	-0.009576	0.136460	9.662357	0.018652	0.005729	-0.011325	
1.160486	-0.055063	0.205888	9.846699	0.018786	0.001332	-0.012657	
1.161490	0.086186	0.193917	9.916126	0.017720	0.000133	-0.010126	
1.162490	-0.007182	0.198706	9.849093	0.016254	0.000133	-0.008793	
1.163498	-0.009576	0.191523	9.863457	0.015188	0.000000	-0.010392	
1.164498	-0.023940	0.241798	9.889792	0.013456	0.000400	-0.009726	
1.165506	0.043093	0.272921	9.906550	0.011858	-0.000133	-0.007461	
1.166502	0.011970	0.253769	9.906550	0.011058	0.000400	-0.007194	
1.167484	0.019152	0.246586	9.968795	0.010126	0.002798	-0.009992	
1.168486	0.000000	0.248980	9.870639	0.009992	0.003331	-0.011724	
1.169494	0.019152	0.225040	9.863457	0.008793	0.003331	-0.009726	
1.170495	-0.014364	0.205888	9.779666	0.005329	0.003331	-0.008660	
1.171495	-0.016758	0.277709	9.894580	0.001466	0.000000	-0.009992	
1.172496	0.014364	0.304043	10.054980	-0.005862	-0.002398	-0.011591	
1.173503	-0.055063	0.167583	10.019070	-0.006662	-0.002665	-0.011058	
1.174490	-0.057457	-0.150825	9.652781	0.005995	0.003997	-0.010126	
1.175490	0.002394	-0.007182	9.413377	0.017587	0.005729	-0.010259	
1.176476	0.023940	0.153219	9.597718	0.022783	0.003597	-0.010525	
1.177493	0.134066	0.107732	9.638417	0.028778	0.004930	-0.007727	
1.178498	0.045487	0.112520	9.659963	0.033175	0.006795	-0.006928	
1.179499	-0.002394	0.131672	9.698268	0.035706	0.007461	-0.006395	
1.180494	0.016758	0.191523	9.736573	0.036905	0.007328	-0.004930	
1.181500	-0.038305	0.193917	9.777271	0.037438	0.004530	-0.004663	
1.182518	-0.047881	0.234616	9.829940	0.036505	0.004530	-0.005063	
1.183508	0.014364	0.289679	9.832334	0.034374	0.006129	-0.005329	
1.184501	-0.071821	0.225040	9.834729	0.031842	0.006262	-0.005462	
1.185499	-0.083792	0.256163	9.911338	0.028112	0.004130	-0.005462	
1.186494	-0.026334	0.232222	9.858669	0.027312	0.004930	-0.005729	
1.187493	0.057457	0.222646	9.896974	0.027845	0.006795	-0.005196	
1.188506	0.040699	0.227434	9.904156	0.027579	0.006528	-0.004263	
1.189498	0.011970	0.263345	9.820364	0.026646	0.005063	-0.005196	
1.190500	-0.014364	0.282497	9.789242	0.025980	0.003997	-0.005063	
1.191498	0.019152	0.253769	9.839517	0.025580	0.004397	-0.004530	
1.192517	0.040699	0.189129	9.827546	0.025714	0.005063	-0.004796	
1.193503	0.040699	0.208282	9.796424	0.025447	0.004796	-0.002798	
1.194494	0.086186	0.234616	9.815576	0.027046	0.005329	-0.001599	
1.195493	-0.011970	0.280103	9.817970	0.026247	0.005063	-0.002265	
1.196490	-0.186735	0.201100	9.741361	0.023182	0.000533	-0.002531	
1.197490	0.260951	0.179553	9.719814	0.021583	0.000533	-0.002798	
1.198503	0.179553	0.299255	10.265656	0.021583	0.020518	-0.003997	
1.199502	-0.452474	0.375865	9.858669	0.015055	0.010925	-0.006129	
1.200505	0.119702	0.047881	9.193125	0.013856	-0.011591	-0.003864	
1.201496	0.181947	0.275315	10.184259	0.020384	-0.001998	-0.001199	
1.202503	-0.040699	0.366289	9.992735	0.017587	0.004530	-0.001066	
1.203504	-0.134066	0.268133	9.827546	0.014922	0.001466	-0.005329	
1.204493	-0.062245	0.395017	9.942460	0.009726	-0.007461	-0.007328	
1.205491	0.023940	0.162795	9.901762	0.009593	-0.006129	-0.005329	
1.206508	-0.021546	0.076609	9.825152	0.014522	-0.000133	-0.003064	
1.207508	-0.059851	0.201100	9.758119	0.016787	0.000133	-0.002798	
1.208517	0.002394	0.229828	9.810788	0.017587	-0.001199	-0.001998	
1.209504	0.019152	0.248980	9.758119	0.019185	0.001732	-0.000666	
1.210501	0.081397	0.193917	9.894580	0.021850	0.005995	0.000666	
1.211506	-0.043093	0.246586	9.882609	0.021184	0.005462	-0.000133	
1.212505	-0.038305	0.294467	9.798818	0.017587	0.001066	-0.000533	
1.213501	-0.028729	0.208282	9.676722	0.015721	-0.000933	-0.000933	
1.214502	0.019152	0.237010	9.767695	0.016521	-0.000799	-0.001066	
1.215496	0.126884	0.201100	9.770089	0.018652	0.002531	-0.000266	
1.216495	0.126884	0.258557	9.827546	0.018786	0.004397	-0.000799	
1.217487	-0.014364	0.260951	9.825152	0.017187	0.002665	-0.001865	
1.218486	-0.067033	0.208282	9.774877	0.015988	0.000133	-0.002265	
1.219506	-0.019152	0.237010	9.798818	0.016121	-0.002265	-0.002132	
1.220490	0.086186	0.268133	9.858669	0.017720	0.000533	-0.001732	
1.221502	-0.050275	0.339954	9.810788	0.016521	0.000266	-0.001865	
1.222495	-0.019152	0.284891	9.803606	0.015188	-0.002798	-0.003464	
1.223491	0.062245	0.244192	9.851487	0.015055	-0.003331	-0.002531	
1.224502	0.141249	0.263345	9.861063	0.016787	0.000533	-0.001466	
1.225497	-0.045487	0.260951	10.083709	0.016787	0.011325	-0.003597	
1.226505	-0.440504	0.165189	9.686298	0.012790	-0.001599	-0.003997	
1.227493	0.162795	0.083792	9.422953	0.013323	-0.015455	-0.003464	
1.228497	0.100550	0.265739	9.961613	0.015855	-0.010392	-0.002665	
1.229497	-0.114914	0.335166	9.741361	0.016254	-0.007727	-0.003064	
1.230497	0.110126	0.174765	9.662357	0.017986	-0.003597	-0.001599	
1.231500	0.090974	0.260951	9.844305	0.017187	-0.002265	-0.001332	
1.232508	-0.129278	0.284891	9.873033	0.013323	-0.006662	-0.001199	
1.233506	-0.023940	0.213070	9.858669	0.010792	-0.010126	-0.003997	
1.234493	0.052669	0.241798	9.913732	0.010259	-0.008793	-0.004130	
1.235502	0.004788	0.260951	9.844305	0.009859	-0.009459	-0.005329	
1.236500	0.016758	0.210676	9.906550	0.009459	-0.007861	-0.004530	
1.237485	0.081397	0.232222	9.868245	0.007727	-0.006795	-0.005729	
1.238492	-0.045487	0.222646	9.815576	0.008926	-0.008260	-0.005995	
1.239500	-0.019152	0.263345	9.841911	0.008260	-0.009193	-0.005862	
1.240495	0.007182	0.316014	9.849093	0.007727	-0.009593	-0.005329	
1.241497	-0.021546	0.306437	9.817970	0.006795	-0.009859	-0.005995	
1.242487	0.019152	0.260951	9.760513	0.007461	-0.009593	-0.005862	
1.243497	-0.028729	0.277709	9.801212	0.008394	-0.008926	-0.005329	
1.244495	-0.114914	0.260951	9.815576	0.008793	-0.007994	-0.006795	
1.245495	-0.062245	0.234616	9.810788	0.009060	-0.008394	-0.008127	
1.246501	0.004788	0.282497	9.849093	0.008127	-0.008926	-0.007861	
1.247494	-0.011970	0.256163	9.889792	0.007861	-0.007861	-0.005862	
1.248491	-0.019152	0.162795	9.853881	0.008127	-0.007861	-0.006795	
1.249498	0.014364	0.263345	9.815576	0.008394	-0.007328	-0.007861	
1.250500	-0.035911	0.256163	9.794030	0.007727	-0.005862	-0.008260	
1.251497	-0.047881	0.241798	9.731785	0.007861	-0.006262	-0.006262	
1.252504	-0.038305	0.248980	9.750937	0.007861	-0.005329	-0.006662	
1.253501	-0.002394	0.251375	9.801212	0.007594	-0.003597	-0.007727	
1.254503	0.019152	0.251375	9.877821	0.006795	-0.001732	-0.006395	
1.255498	-0.004788	0.256163	9.877821	0.007594	-0.000666	-0.005995	
1.256486	-0.076609	0.263345	9.858669	0.008394	-0.002132	-0.006662	
1.257515	0.189129	0.217858	9.760513	0.008793	-0.001732	-0.005862	
1.258502	0.129278	0.184341	9.784454	0.009992	-0.001998	-0.004130	
1.259501	-0.098156	0.196312	9.868245	0.009193	-0.003864	-0.004796	
1.260506	0.002394	0.205888	9.832334	0.007328	-0.005596	-0.007061	
1.261487	0.260951	0.153219	9.908944	0.010126	-0.001199	-0.005995	
1.262478	0.167583	0.205888	9.894580	0.013057	0.003464	-0.002531	
1.263491	0.071821	0.239404	9.956825	0.013723	0.008127	-0.001066	
1.264486	0.050275	0.280103	10.026252	0.015188	0.009992	-0.001865	
1.265503	0.011970	0.332772	9.956825	0.014922	0.010925	-0.005329	
